0.020463 18032.594203 5866.327148 40662.815375 2809.005249 56100.204162 70600.954741 1715.222703
0.027854 38252.188282 13561.626690 79279.380096 6851.274596 107017.509591 133969.435173 4309.289072
0.036139 71561.197287 27535.104349 137349.252744 14627.445357 181842.263049 227086.284627 9374.004233
0.043897 114155.841726 46450.046985 205610.730557 25538.974669 268667.234909 335663.752279 16739.148709
0.049461 150702.402973 64155.756835 262697.119576 36112.477693 341856.867837 425114.748197 23884.593201
0.054809 191775.565293 84252.317747 324197.308731 48271.715662 418143.869530 516600.432313 32230.704013
0.058661 224712.867924 100929.636386 372094.286853 58416.169552 480488.360462 587501.217763 39243.294875
0.063969 275826.664728 127621.138390 444234.289374 74612.801830 569623.013028 702944.751986 50431.534960
0.067388 311191.037233 147005.602155 493971.719536 86392.945123 631083.602681 777140.405384 58630.572955
0.070777 349152.292471 167342.295718 545646.146617 99416.731402 694849.230571 853828.828100 67566.609968
0.073844 384727.049213 187450.750983 594446.001439 112192.301776 754987.301427 925871.203938 76376.465637
0.078110 438979.017957 217305.691905 666188.841350 132045.231525 841661.306495 1030154.140628 89820.917780
0.082075 493268.272979 248178.405235 736621.464723 152628.476564 928077.694244 1131232.163051 103611.338884
0.085891 546077.841559 279129.181099 806355.946067 173419.461192 1013645.087415 1232197.486851 118111.644312
0.088243 581605.865651 299416.730199 851099.359802 187168.187254 1069030.087209 1296191.844971 127669.373140
0.091038 624232.141435 324916.918524 906420.774466 204722.673613 1134564.503908 1373957.988267 139660.234773
0.094217 676919.699294 355845.046377 970204.013965 224938.092704 1211494.201298 1464640.056942 154155.505552
0.097051 724404.498397 384948.858607 1029825.924635 244449.979031 1282468.791421 1547449.514505 167866.824567
0.100845 789209.031364 424810.998851 1112741.426855 272133.012210 1379753.954562 1661161.186599 187420.022855
0.103137 829671.906550 450494.721265 1163532.739727 289419.433286 1439701.601757 1731410.757446 199912.809718
0.105638 875520.847441 479821.987369 1221247.537451 309374.484676 1506390.213516 1809381.133852 214142.919681
0.108876 938524.780754 518971.740415 1296439.174762 335956.654915 1594887.468357 1912336.345112 233512.835783
0.110970 979856.383228 544889.021762 1346026.872270 354836.926979 1653457.382019 1980106.418843 246619.073846
0.113049 1021631.491321 571520.921790 1396233.286202 373555.097289 1712532.661487 2048302.780589 260090.068088
0.114662 1056318.077741 592976.395733 1435386.679700 388092.305364 1758424.531906 2101832.477690 270860.728238
0.117871 1124241.293637 636389.244925 1516354.157585 419414.182257 1851655.368319 2209916.890916 293131.039607
0.121423 1203133.865828 685306.696612 1607015.377091 454638.380284 1956058.259948 2331983.633824 319114.062628
0.124491 1273346.217367 730728.636799 1687201.106892 486956.197672 2048668.500877 2439436.264980 342707.688716
0.128337 1361819.055378 789410.585462 1790157.100752 529408.335088 2167742.380470 2576713.027324 373824.858757
0.130484 1414365.496061 824849.260766 1849471.602682 554484.840755 2235191.939441 2652999.294587 391955.084615
0.133529 1489743.501925 876978.339011 1935410.004629 590786.325690 2332023.179648 2762562.742491 418618.186390
0.136915 1574834.743063 935305.678570 2032332.838060 632348.742549 2441872.173249 2886248.845419 449597.080895
0.139606 1643761.025976 982575.036094 2110610.891997 667430.248366 2531109.787456 2985912.652869 475233.242004
0.142699 1723720.554515 1037916.030220 2203695.695168 708705.442500 2636380.148782 3103508.411170 505829.141505
0.144931 1783649.103494 1080039.642332 2270073.458273 739309.400556 2711977.419883 3191663.835780 528669.526128
0.147095 1840927.097085 1121637.143976 2337265.693626 769684.504062 2788669.263491 3277986.976240 551431.485466
0.149448 1904966.347957 1167170.648925 2410841.567957 804205.695310 2872754.281607 3372789.626902 576879.196718
0.151889 1973361.081116 1218999.407464 2486578.928444 840615.903413 2961291.943239 3472158.041188 604055.799434
0.154959 2064370.242550 1284323.398805 2585646.209393 887163.537874 3074193.121127 3598582.817131 639373.369119
0.157361 2134018.384282 1333100.725585 2664407.167539 923195.277128 3162070.105784 3698607.588892 667901.520174
0.159597 2200029.367779 1382874.463997 2738035.228301 958542.540905 3246172.896625 3792580.504473 695173.045821
0.161673 2262450.069204 1429346.408811 2807015.288155 994342.517098 3325143.511829 3879525.776563 721116.578075
0.163786 2325239.956712 1477525.385184 2877562.978552 1031676.411563 3404345.164710 3968463.779435 748144.914159
0.165447 2375379.396455 1514653.740173 2934008.580570 1061402.982762 3465373.327751 4037734.606287 769836.125367
0.168744 2481588.360234 1590676.540941 3046720.132959 1120117.564201 3589433.764965 4179921.910538 814063.369895
0.170500 2535684.781506 1632083.597719 3108922.243529 1152137.225780 3657845.248954 4255732.920286 838260.913964
0.172404 2596786.775810 1677374.943482 3176829.854903 1187489.774194 3731365.088381 4338467.844356 865006.903206
0.174513 2663351.766099 1729177.610514 3252856.706456 1227424.119541 3811718.469729 4430753.166573 895255.681625
0.176194 2717223.792338 1770537.791995 3314316.387185 1259409.522205 3877723.358660 4504788.978524 919838.443326
0.178401 2792192.011344 1828180.508824 3395810.009564 1301132.333453 3967233.586962 4602629.477485 952755.069832
0.180539 2863863.392082 1883100.059807 3474858.675296 1344795.925021 4053008.570465 4698094.763243 985342.779271
0.184524 2998872.270456 1988479.840577 3625237.870321 1427114.115140 4219563.353795 4877801.492875 1047941.606116
0.186298 3061005.530485 2035797.495908 3692181.138704 1465437.090557 4295499.971106 4958532.265947 1076594.764235
0.188883 3148751.048618 2107639.492828 3790884.615002 1521675.519148 4407101.423296 5076964.184362 1119222.902785
0.192108 3263261.304084 2199638.615840 3917191.874143 1593135.498438 4544697.880484 5226021.189076 1173874.939866
0.194430 3346597.601804 2265483.285186 4008439.922976 1645842.980083 4646471.345830 5334225.532073 1214244.604025
0.197090 3440311.835607 2341316.851493 4113707.331307 1707525.880127 4762865.794836 5459076.346444 1261550.327038
0.200019 3546408.657606 2427387.588184 4231874.971259 1777068.695327 4891240.599914 5599182.674001 1314960.785619
0.201669 3606274.060751 2476413.894405 4297928.746084 1816998.191234 4963244.497023 5681036.259490 1346032.591153
0.204226 3699865.530151 2555271.874466 4400470.653544 1879957.208807 5080467.700090 5808662.255113 1395819.663755
0.206826 3797081.755073 2636009.877841 4508594.672911 1944169.457567 5197780.173841 5939391.372703 1447633.719453
0.209950 3918584.135151 2734639.273434 4638569.316154 2024872.506939 5344618.159161 6097723.533402 1511492.954136
0.211811 3991356.994675 2796093.376402 4716118.212061 2074002.271342 5431249.384493 6192685.938585 1550373.567128
0.213071 4041063.942303 2837778.146259 4769218.625608 2107675.284960 5488748.215253 6257249.738994 1577056.142238
0.215125 4121704.323830 2904259.983964 4857100.127334 2161588.899890 5590419.093143 6361635.853890 1621176.809803
0.217089 4199257.144130 2968723.087646 4943111.167319 2216722.842688 5685091.018585 6459804.912597 1664091.833600
0.218731 4262944.123780 3023471.119664 5013919.383054 2262378.696034 5764751.447270 6542215.510542 1700520.316308
0.222274 4407132.347742 3145038.072687 5167361.594550 2358739.098777 5936019.265500 6721063.783914 1780841.550506
0.224584 4507073.281263 3224408.634653 5270031.204869 2425303.417863 6048591.480692 6838415.662137 1834485.209142
0.226380 4579182.993172 3286646.575024 5349670.666798 2473280.731036 6136688.301653 6930055.005018 1876893.766122
0.228178 4652614.271140 3349921.159649 5430991.741297 2526264.351838 6223593.135069 7022142.088071 1919967.855858
0.230242 4742494.617003 3426776.851551 5524017.245763 2587935.675967 6322079.116246 7128274.012340 1970181.669020
0.233845 4894573.503222 3559534.095148 5689225.713401 2692368.041755 6498443.195025 7320470.902810 2059817.434137
0.236378 5001719.947827 3654823.800519 5806834.421615 2770331.120292 6622641.516509 7460375.446745 2124353.881724
0.238131 5078888.636604 3721079.245801 5885891.617220 2827344.195468 6711309.208977 7557762.756073 2169758.005362
0.239719 5148320.752921 3780944.018445 5961619.517596 2879609.251516 6791852.905644 7646379.327428 2211414.591990
0.241920 5243819.901509 3866782.255823 6064017.958896 2953025.735280 6897524.968054 7769821.819666 2269982.896828
0.243881 5330060.020514 3942261.886402 6157576.260906 3016689.452797 6993225.819367 7880404.916510 2322983.053237
0.246043 5423608.910286 4030539.702306 6260270.215024 3086140.005766 7107606.806927 8002974.181640 2382314.681864
0.247695 5499183.079863 4097371.433725 6338574.354611 3139849.325026 7190189.092019 8097087.722236 2428289.336886
0.250051 5604204.787220 4192013.929857 6448621.295026 3217014.504754 7311033.996930 8231988.489303 2494819.144370
0.251763 5682378.562276 4263112.390818 6530751.499821 3273083.999868 7394942.987876 8330513.603539 2543877.398483
0.255492 5852878.019994 4417525.384718 6716284.640110 3398713.747058 7587716.206032 8537660.569944 2652828.691343
0.258606 5995006.172348 4551719.562585 6872648.521985 3504561.247422 7756856.282154 8706538.758467 2746028.262323
0.261318 6123900.027287 4670672.261927 7009191.475411 3596463.125995 7894734.894280 8869281.910237 2828853.840934
0.264103 6250992.313084 4797426.010574 7149025.390664 3696261.657580 8034798.476481 9036894.960470 2915526.810056
0.266624 6372226.886584 4909035.137014 7275244.370091 3790779.833376 8170944.602695 9181691.746943 2995407.008070
0.269157 6494659.872281 5024909.377215 7404632.626643 3887175.502969 8306774.275761 9327810.233537 3077038.444648
0.272302 6647910.352964 5169556.148624 7565588.077920 4002523.060292 8472251.279655 9510100.187469 3180318.178001
0.274535 6758344.914907 5271916.791958 7683391.794759 4089215.060639 8592676.523062 9640103.137893 3254951.426192
0.277562 6908398.047459 5411848.619522 7843276.996779 4204050.231459 8758973.240414 9817080.259761 3357861.488315
0.279772 7016093.546835 5514560.150273 7962057.386660 4289806.336881 8873054.305829 9946826.200914 3434267.186966
0.283957 7223430.916569 5713819.277257 8181673.211590 4454772.200292 9103928.298327 10193736.527134 3581915.436627
0.287968 7428450.399940 5908319.906490 8391485.511499 4623932.432551 9326348.281613 10431841.725284 3724626.435351
0.293196 7702110.499446 6165468.205900 8677230.383638 4842678.103264 9610431.111835 10744278.959559 3905027.714567
0.296127 7852415.428904 6310118.187248 8836787.387049 4969480.944990 9772940.819923 10920449.661819 4008400.035125
0.299469 8027502.142358 6477206.410863 9021898.276029 5114041.029458 9971854.566250 11122186.032025 4128236.259412
0.302515 8190425.857817 6629617.327252 9190339.999115 5240206.748036 10140806.566155 11306839.245471 4239293.714216
0.307446 8448767.504263 6889153.000931 9469140.028131 5463576.335735 10423057.699338 11607312.534163 4422807.558399
0.312023 8699308.875977 7128813.364263 9736238.925809 5677497.012340 10693723.519220 11887882.575526 4603551.491041
0.317053 8978541.503082 7403711.354046 10022991.876841 5916163.742993 10993710.350988 12198016.710444 4814453.054025
0.320864 9188455.374773 7614067.600478 10241595.975609 6094070.729681 11231371.628790 12434206.978785 4967710.249632
0.325711 9462522.645983 7882491.889021 10531630.901286 6330989.201040 11536826.128448 12744578.746349 5164778.150641
0.330112 9711517.617363 8135857.264582 10794299.323231 6560884.968097 11814478.923068 13011550.213756 5347646.018045
0.335128 10003290.225839 8423565.651263 11102698.434556 6819706.139827 12122086.380468 13319607.138404 5560658.407646
0.340817 10334420.424184 8764664.028358 11444726.959782 7116864.396035 12471018.578487 13686884.953596 5808203.192345
0.346689 10681934.022488 9116469.914407 11802843.681163 7443841.415092 12840167.143554 14060349.773399 6070386.528133
0.352921 11058512.704333 9497881.952650 12197143.501561 7792772.503434 13261477.331065 14458935.724584 6372106.977002
0.359473 11456958.961306 9907861.398646 12613705.134597 8177430.368338 13697765.525835 14832939.140412 6701484.926357
0.365055 11803895.525429 10265633.928171 12976661.982701 8504114.267927 14091310.275106 15198416.722742 6990036.172497
0.371049 12176726.834040 10647465.789469 13368111.929494 8854140.802752 14526962.688367 15628645.930685 7308076.286377
0.376814 12548999.992556 11004182.318691 13747741.180901 9198233.892645 14948302.799723 16045800.197805 7622023.772072
0.382771 12927014.357406 11397556.160813 14153253.552846 9578304.574349 15363317.749329 16494226.460398 7954783.615108
0.390212 13412141.803490 11884583.078957 14656302.303993 10028458.584088 15908387.099546 17062318.815977 8382454.921518
0.394169 13668561.845901 12153556.990809 14926420.122193 10297133.889964 16186687.507281 17349434.517153 8615352.247188
0.400298 14081114.652396 12568411.089662 15356169.713678 10702828.288220 16629036.520854 17864679.958741 8983627.379569
0.408433 14638117.462139 13119469.467164 15925298.096525 11238228.974129 17212015.802231 18502357.142047 9486675.648354
0.416954 15230134.712577 13718659.738440 16538659.887165 11842588.292024 17875691.065341 19226388.392658 10031131.190491
0.426183 15879444.777864 14366688.839635 17205472.987062 12484022.911156 18604892.105663 20085599.419319 10650186.841280
0.434715 16482170.131379 14975372.128532 17844319.124500 13075193.292745 19250272.954910 20829777.395789 11262142.904050
0.443495 17114340.595021 15608605.878320 18512875.644418 13719478.270618 19951605.122724 21541219.663072 11913956.976170
0.452026 17738332.259760 16228855.295103 19169702.597960 14351946.119719 20643589.036399 22250793.939613 12568943.594568
0.461777 18467373.374223 16941565.766471 19940060.269128 15123626.409607 21461553.537630 23263538.267514 13326315.728880
0.473296 19349658.803259 17780726.232004 20879321.317083 16020934.772765 22469954.848009 24487637.729220 14107628.293786
0.482564 20054884.284316 18459612.981001 21654284.283887 16759028.817995 23275803.318510 25487278.636088 14837671.683681
0.492304 20814882.587450 19201719.414756 22481995.033707 17501909.018931 24158811.818896 26484947.451167 15618307.775939
0.502057 21590568.858358 19933667.811166 23324158.885394 18239121.902900 25070651.188288 27542868.140061 16350444.841638
0.514123 22562374.458832 20849368.521781 24384836.489891 19115975.830320 26257202.752965 28914005.638353 17265222.599193
0.527992 23688326.903472 21944583.117671 25657221.639372 20222572.825115 27602389.352970 30496337.249646 18351110.279738
0.543827 25027727.953743 23191053.286094 27112172.085167 21477371.281331 29264040.609480 32396032.766485 19628453.604208
0.560079 26437838.140573 24462667.879337 28706443.867575 22690535.562189 30978509.524485 34313651.763058 20945817.875722
0.578830 28097766.076244 25938810.579332 30556534.857557 24074209.073551 33035801.912668 36660076.900471 22280004.240251
0.598582 29901084.345863 27546839.531356 32542351.950168 25497652.802193 35404950.131502 39295161.678646 23495771.645995
0.618431 31742227.666668 29132557.724472 34650080.228452 26904021.962689 37889333.340947 42152948.526610 24581462.922636
0.637950 33595303.800677 30722738.696606 36766236.576771 28269088.688197 40382106.973557 45304637.698710 25632604.674957
0.657756 35526366.832465 32314006.205735 39006656.749449 29664150.198966 42964286.470738 48616968.840311 26701261.324320
0.687233 38438197.413153 34714033.066821 42450706.141521 31704798.438211 46961780.790905 53137426.953715 28466893.001027
0.714201 41145763.607082 36928130.289729 45814818.783231 33498537.535167 50724162.600945 58069614.901766 29943091.216902
0.739579 43758813.064738 39032180.097247 48974190.924833 35186676.841730 54587796.938337 62416431.008431 31156275.963694
0.770459 46952152.063366 41575650.606437 53009103.544728 37205375.037115 59390584.117393 68741726.355061 33019746.191823
0.801529 50185349.769825 44199466.953115 57212317.534907 39239490.789583 64321682.532101 74821805.301262 34715139.786728
0.838925 54127877.203217 47311976.212113 62446338.904929 41671445.805316 70599386.269558 82048259.100271 36750280.090355
0.887394 59361366.936110 51373943.642653 69366126.532764 44732291.011570 78953598.018616 91031083.088420 39015378.177698
0.949909 66246696.723569 56703157.304577 78773240.610335 48621327.878707 91020055.155466 105299642.197144 42067333.336470
1.027891 74957275.875303 63278820.146821 90914181.948778 53517119.803760 106820294.380021 123722053.652955 43749669.226698
1.116502 84820582.598796 70660403.420684 104954672.610909 58554522.379060 125194895.159833 144278422.531879 45331968.063264
1.226988 97210581.264390 79567076.344911 122433760.448743 64294817.538807 148899994.257810 171005909.985038 46935776.137812
1.375724 113709355.457307 90452098.503073 146655031.999639 70831641.230714 180338495.957049 211054102.615217 48683093.710414
