0.038974 82931.647702 29533.384628 188877.376904 14785.485172 269471.057300 321755.313830 9284.129433
0.068805 332041.123452 139181.723069 607944.113941 75796.218233 830707.323919 982127.848949 47920.246416
0.087586 587193.107524 264601.729898 989920.691902 150833.414581 1320070.235982 1552263.954183 96572.908002
0.108298 960915.699987 466958.462174 1509192.181073 274086.191948 1958073.262712 2306885.058608 178174.249405
0.125691 1350355.053099 691681.416731 2021078.533353 417247.580042 2575857.074717 3002218.038504 271973.660300
0.138059 1665899.513641 884900.969157 2426450.743571 545002.163319 3062519.296459 3541086.057430 354796.527149
0.148804 1965576.194404 1075916.053073 2804806.065910 671392.811702 3499457.409818 4031368.257509 438521.415223
0.165242 2466190.992644 1409963.183576 3425307.248448 896704.159758 4224205.630545 4823454.354943 589797.039348
0.182080 3040596.808281 1809391.441838 4111450.879511 1170235.891991 5000505.056442 5687912.164580 780434.943984
0.189603 3308013.263413 2005023.560616 4444198.571852 1306626.990198 5370522.074999 6083099.318628 876950.139957
0.200731 3732587.870226 2314558.780681 4944090.264894 1526216.475788 5918050.228977 6696343.626429 1033211.899391
0.210991 4143383.836498 2626047.426294 5417551.948913 1745261.305683 6457430.950120 7281772.907087 1192100.259629
0.220505 4543822.910551 2939063.644841 5877988.163978 1967305.152625 6959835.544774 7869652.788611 1352623.170679
0.230683 4982398.128914 3288207.199709 6386132.218896 2225454.509382 7530332.730801 8469656.737494 1538885.311020
0.242374 5507716.538135 3722378.250198 6982333.683266 2536128.688011 8174627.939942 9252123.634728 1772009.705359
0.253144 6009472.351529 4140006.411885 7561334.719987 2846189.538857 8781311.393673 9988934.132107 2005110.316054
0.268178 6749330.894545 4769406.493724 8396116.505604 3330976.520815 9681749.113759 11065597.652066 2351966.820775
0.278881 7296266.136613 5247630.722304 9002489.011959 3691790.499132 10350349.179536 11844838.298866 2623357.930790
0.295393 8188649.710916 6021748.241176 9959716.515586 4323079.941398 11385974.245942 13085500.583369 3097224.908357
0.307370 8856579.273266 6620050.496034 10675522.828617 4811473.748776 12167778.676090 14013199.968044 3472577.493659
0.320279 9601011.505316 7301253.119129 11482432.320534 5352372.228661 13010044.649683 15162178.430381 3888534.970015
0.335524 10515313.908612 8129834.274339 12457397.873320 6042193.639218 14052796.824702 16634771.212782 4437858.250181
0.343646 11022056.317297 8595688.536373 12988329.858982 6417153.218112 14623151.826579 17285691.540967 4749292.244057
0.357257 11878275.499181 9409885.056842 13899032.050857 7087707.088369 15647295.146656 18379265.385299 5292885.376131
0.368060 12590219.016384 10076841.016622 14631131.281718 7641495.399416 16489113.896794 19335295.093659 5750376.442787
0.379286 13328057.103836 10770679.353588 15418341.710941 8244502.223916 17361916.685910 20457739.189987 6250627.817950
0.394002 14311471.653036 11715732.166306 16443020.145139 9067727.651769 18550549.382507 21826463.402875 6945401.795067
0.412795 15604794.048857 12987976.226210 17807242.618391 10185942.063950 20126818.962221 23334054.163007 7898210.929438
0.427694 16667366.451315 14017983.214750 18927164.615313 11112518.685530 21397491.723753 24649908.331673 8706823.401830
0.445860 17984094.905276 15312270.754159 20327438.410601 12322874.727212 23025111.501392 26493237.276770 9752642.749249
0.465836 19461860.659595 16794792.309052 21898913.557415 13666962.379165 24993965.149450 28290098.416650 10903859.773047
0.481440 20650289.909381 17961112.120844 23155912.970304 14783305.465521 26534496.270768 29764797.857513 11853743.532606
0.498955 21990990.384667 19308063.880230 24632720.359529 16137323.753683 28239192.561552 31720503.992324 12973176.477544
0.524717 23984882.601023 21308462.728826 26826831.978781 18188213.179997 30756181.143465 34305203.881420 14722542.382119
0.552711 26227340.141438 23531836.568682 29316762.503765 20490967.090152 33597587.115356 37980142.559779 16762982.256524
0.587790 29099211.880505 26411887.624793 32524135.746411 23432624.213359 37366687.933292 41534696.264477 19358112.857913
0.630111 32689201.806049 29868444.899012 36535465.180325 27124479.917603 41844273.280464 45949270.117044 22795938.014892
0.673351 36425590.799823 33351260.058779 40836748.893598 30769669.410100 46760268.582407 50946984.860924 26972356.180454
0.727544 41188066.883234 37718041.877018 46163348.438094 35059098.514936 52765982.525459 57698526.277896 32035035.145101
0.803841 48056181.926745 43585147.652705 54026422.585250 40231737.555175 61989501.869058 68832402.538584 35661766.677097
0.883015 55165778.215848 49391011.541389 62613848.363488 44637286.906266 71993623.503795 82356225.922018 37047878.910843
1.025889 67376467.339513 58649086.061331 78084890.769313 49747960.781296 91025399.200571 105269505.803456 38587443.304419
1.235893 83863918.432271 69893890.533645 101236174.455658 53407100.283469 120875569.128605 144651337.026722 39806007.079311
1.735608 114528259.934571 86562452.267508 149489064.095469 57808819.951305 192485896.157026 229765102.369748 41493174.647631
