0.014011 2237.759993 1257.004344 5359.833934 865.027937 25071.393305 38251.480893 677.292202
0.021348 7122.425334 4248.114612 15357.686071 3017.652625 63455.712213 94716.349507 2340.417416
0.028714 16088.923865 9990.519864 32307.296517 7243.765600 119024.338775 175265.013055 5599.673494
0.032046 21775.515851 13719.899188 42660.259234 10002.045946 149889.139735 218797.397415 7757.110145
0.035762 29440.777145 18851.193187 56042.162569 13807.639439 188590.284224 271716.178784 10766.125594
0.038120 35021.349745 22636.486107 65745.457377 16663.678718 214685.045672 308092.005737 13031.652061
0.042050 45812.322095 30005.254152 83860.136558 22132.276867 261748.811535 373490.501660 17463.514515
0.043607 50625.950248 33301.460072 91883.022291 24636.530743 281563.389405 401036.594842 19460.671991
0.047027 62251.130244 41314.943820 111420.075923 30709.361702 328514.345099 464772.827706 24366.281468
0.048955 69393.114301 46370.262415 123224.168599 34499.605337 356547.374811 502646.692489 27461.761221
0.051650 80267.802864 54012.321277 140783.527593 40395.910041 397873.921430 557916.047672 32209.440723
0.055421 97209.288095 65971.203427 167646.851410 49687.176544 460490.108248 639769.594892 39720.892084
0.058541 112805.289334 77212.208756 192440.638593 58221.951995 515742.230849 711435.961973 46746.046975
0.060366 122584.251662 84215.818050 207891.053079 63715.556165 549256.488176 754996.268409 51212.537026
0.062829 136622.024550 94355.004707 230462.469722 71571.744504 596048.481461 815689.015123 57675.391177
0.064839 148684.222674 103319.954266 249104.591866 78499.958286 634586.002333 866829.150849 63331.996535
0.066764 161072.750678 112234.051049 268323.616507 85486.230234 673581.730209 917153.871100 69081.957304
0.068302 171327.414193 119805.783480 283890.303130 91397.887970 705404.044900 958303.031387 73916.005915
0.070429 186116.596899 130704.589392 306003.420924 99971.088676 750236.119705 1018056.756306 80961.942548
0.072648 202332.226785 142758.334503 331197.511785 109487.236155 799185.229173 1083517.506166 88770.784667
0.074513 216709.825847 153423.424081 352406.384262 117771.259345 841055.666888 1139954.844991 95705.705462
0.077244 238976.755680 169876.313089 385057.471517 130686.874386 904134.655028 1222738.174241 106491.555734
0.078257 247379.401270 176245.395342 397564.840666 135648.682077 929240.850541 1253920.581152 110687.360637
0.081188 273451.595588 195907.884704 435275.154878 151064.653904 1001609.926306 1352395.142743 123438.052236
0.083992 299431.802735 215627.286348 474051.461577 166978.219844 1072749.325192 1446422.706987 136508.235858
0.085581 314857.157585 227478.333055 496420.972251 176436.155672 1113301.076743 1500943.828587 144304.084095
0.087143 330771.201501 239425.757349 519879.071299 185901.984525 1154497.617890 1553804.508794 152247.862368
0.088940 349395.318616 253505.721675 546101.344193 197191.982035 1201912.391084 1615610.165454 161736.779639
0.090791 369932.819233 268446.354146 575010.489962 209353.593058 1251720.130024 1680412.111102 171909.595622
0.092412 387997.754305 282285.792299 601233.717636 220272.355285 1296376.826759 1738106.213100 181156.781352
0.094023 406608.421178 296326.047283 627350.177234 231507.108023 1344863.003217 1796313.423078 190665.385935
0.095600 425009.264316 310596.093707 652742.726754 242886.857439 1390332.517076 1854127.141286 200285.716796
0.097021 441845.389456 323793.941881 676892.342246 253445.586860 1431149.442892 1906925.990845 209223.080228
0.098712 462638.765927 340003.270120 706914.251472 266523.650316 1480460.056767 1970622.643330 220195.488384
0.100625 487273.931148 358651.778745 741927.162871 281879.185509 1537209.478352 2043809.854670 233056.715315
0.103632 526487.421497 389587.842389 797747.714260 306569.953102 1629156.704955 2161255.708960 254254.593549
0.105773 555458.801938 413027.254127 839434.223345 325452.178936 1696568.594418 2246656.168061 269909.587679
0.108187 590407.851708 440201.440539 886596.830672 347572.231404 1773204.883897 2344706.424938 288237.781776
0.109395 608057.963512 454117.542763 911813.245689 359099.937368 1812162.383584 2394468.467658 297705.869715
0.110789 628951.274339 470233.377634 940980.427548 372709.863396 1858481.706421 2452466.785247 308880.801264
0.112341 652935.661944 489074.108981 973792.982384 388254.008770 1912987.058784 2520857.946788 321639.642727
0.114494 686653.209059 515739.542854 1022055.427534 410201.589261 1985342.637150 2617474.748392 339900.155640
0.116556 721239.762597 542020.760069 1066521.189861 431746.830014 2055655.513122 2711557.216168 358008.983185
0.118250 749417.143086 564297.971862 1105266.419020 449977.203429 2115524.523389 2789976.161143 373346.654138
0.119558 771920.735853 582245.572877 1135691.584411 464196.243332 2162309.848977 2851218.169943 385477.271130
0.121239 800965.228611 605351.885623 1174844.391504 482972.278410 2221916.040549 2930805.285879 401439.633136
0.123109 834783.022813 631952.169656 1219235.076746 504560.347920 2289015.014283 3020498.618237 419694.650158
0.124832 866063.224173 656724.273522 1259669.213439 524992.324759 2355866.408247 3104214.577320 436984.625425
0.127309 912618.947231 693687.251356 1322115.812263 555808.436705 2449476.376729 3226357.177960 462641.686489
0.128920 943983.915781 718629.813493 1363642.040691 576137.946740 2511117.103779 3306923.712520 479842.250164
0.130170 968529.904126 737926.831556 1395599.203902 592233.263864 2559736.336547 3370044.897951 493470.666998
0.132750 1020319.668197 779826.936380 1464198.258069 626650.922887 2658948.975041 3500836.098903 522388.837344
0.134449 1055604.538047 808018.784963 1513948.914716 650165.925263 2724925.332065 3585861.025787 542019.735614
0.136621 1101470.965436 844927.898398 1574342.917689 681036.566178 2811168.709181 3695802.464142 567804.604266
0.138163 1134556.977896 872014.536625 1615804.940275 702978.112849 2874594.287462 3774698.763359 586584.870664
0.140144 1176783.856517 906900.498980 1672426.932336 732409.504556 2957541.443298 3877079.185223 611296.707515
0.141690 1210311.466810 935085.297040 1717649.885231 755680.108592 3022595.618301 3958806.530001 631043.849278
0.142881 1237043.683563 956859.084316 1752350.864713 773480.450891 3077033.380154 4025214.631820 646535.156064
0.144091 1265636.435737 979182.749799 1788008.646385 791618.041921 3128588.299593 4093117.738698 662523.822188
0.145765 1304646.357629 1011620.588073 1837552.372012 818390.615074 3200569.646713 4187776.507419 685062.802379
0.147798 1354275.746278 1051195.311840 1901063.604061 850548.480617 3289009.881915 4303841.128623 713095.869937
0.149188 1387816.325752 1078905.371966 1946495.564511 873643.369197 3350215.341039 4383886.130012 732683.616285
0.150998 1433018.180921 1115057.123602 2003399.179250 904315.639513 3435007.698960 4488946.034903 758707.509297
0.152685 1475934.946257 1149898.283918 2057108.357518 932574.365656 3509641.976854 4587700.490873 783494.845826
0.154606 1524756.724688 1190449.932743 2122671.440699 966217.281792 3604454.348531 4701119.816973 812351.494660
0.155901 1558497.952206 1218417.927480 2166598.630340 989767.003441 3663733.892710 4778152.969562 832187.154644
0.157498 1600567.946597 1253470.461483 2221764.603575 1019314.118867 3737432.137571 4873779.644410 857076.492677
0.159494 1653899.394381 1297740.296502 2290353.726417 1055909.093183 3830462.870131 4994263.055003 888854.444546
0.160977 1694435.043294 1331718.465987 2342789.088465 1083571.540247 3903646.887240 5084466.126501 912951.406882
0.162532 1737833.197180 1366979.315062 2397694.969146 1113173.875320 3977891.737796 5179668.536575 938667.490493
0.163981 1778528.968740 1401093.452605 2447159.003750 1141578.798185 4046216.572416 5268946.167300 962791.407558
0.165056 1809107.786108 1426920.152263 2485051.882324 1162999.431563 4097250.165619 5335529.011421 980894.410884
0.166608 1853863.382972 1463790.975357 2541220.554254 1194531.079869 4175594.014011 5432174.558176 1007410.393588
0.167840 1890121.499786 1493612.120379 2585877.940877 1220005.089441 4235123.360969 5509325.210983 1028780.941165
0.169948 1952589.981762 1545708.342831 2666550.109685 1264396.486378 4342716.983278 5642209.086144 1066012.102651
0.171670 2004708.623588 1589534.575671 2734028.189699 1301418.702870 4434263.335449 5751570.725837 1097053.640201
0.173271 2053385.808481 1630913.472643 2795268.153286 1335807.705839 4520855.383657 5853892.755386 1126424.412309
0.174929 2105111.304657 1673812.367099 2858597.641480 1372775.361514 4614445.486985 5960504.666361 1157362.973924
0.176470 2153852.076226 1714638.553634 2918849.594558 1407776.042566 4694146.433069 6060176.497126 1186597.848231
0.177758 2194985.067543 1748962.962752 2971144.379695 1436930.888091 4765053.275736 6143910.573489 1211389.642420
0.178642 2223673.281497 1772762.215588 3007139.265004 1457143.531652 4814004.676563 6201602.790545 1228594.037424
0.180880 2296919.606829 1835427.296098 3099354.349931 1510079.634474 4930967.416804 6348461.733817 1272841.534091
0.182493 2350642.703502 1880239.773524 3166785.413806 1547971.676931 5023832.774311 6455011.609645 1305350.912313
0.183760 2393461.574625 1916441.338700 3220322.016315 1578115.724658 5092514.658928 6539113.999375 1331252.759798
0.184942 2434300.550898 1951028.839839 3269845.727132 1607097.184457 5155959.810609 6617894.753634 1355708.787328
0.186266 2480535.654938 1989624.543121 3326262.491352 1639959.643405 5227459.964476 6706503.906055 1383439.043761
0.188417 2555932.698231 2051852.304048 3420036.336745 1694253.814505 5344594.437374 6851271.040441 1429252.186614
0.189484 2594362.422567 2082965.924036 3466865.229092 1721860.557335 5403145.314929 6923450.793059 1452329.765043
0.191703 2673658.191914 2150268.757467 3564913.036275 1780533.330539 5526183.617599 7074331.923063 1501076.089629
0.194026 2758469.135962 2221435.410129 3668635.842674 1842535.381451 5655952.737693 7228190.894424 1553203.917558
0.196297 2844573.875903 2291911.884336 3777229.207021 1903191.329348 5786758.080950 7377744.665584 1605258.562924
0.198147 2915260.429960 2351705.643944 3863603.846104 1954090.249616 5893750.999642 7500401.067505 1648468.730457
0.200157 2992853.333982 2416797.688257 3958722.628124 2011985.551719 6022635.776771 7634500.177404 1696241.697379
0.201787 3055758.658562 2470717.071804 4035935.772508 2059806.589904 6120350.820667 7743880.642942 1735618.484729
0.203383 3119238.052434 2524500.281449 4113081.893770 2106058.148708 6213565.662490 7851525.279649 1774728.774937
0.205603 3208708.855641 2600695.909884 4221097.282577 2170428.993397 6359426.861012 8002147.765078 1830048.979027
0.207939 3305555.725937 2681688.493926 4336484.441181 2241386.769028 6496176.137058 8161750.833461 1889421.991949
0.210218 3400739.622522 2761815.797912 4453017.213286 2312004.741816 6632251.760850 8318546.370394 1948503.590734
0.211580 3457657.408082 2810700.655473 4521715.774674 2354868.579589 6720085.267762 8412760.446789 1984361.842711
0.213199 3528216.724793 2868985.619068 4606750.840236 2405636.936577 6817071.290671 8525243.168349 2027523.941255
0.214783 3597200.465803 2927068.514037 4691565.728459 2455212.099620 6914737.478562 8635807.242869 2070320.924770
0.216642 3679568.181314 2996055.252511 4790660.715306 2514726.012041 7034592.198306 8766209.203812 2121268.341762
0.218223 3749153.544558 3056510.242031 4875302.788561 2566856.566417 7133019.374216 8877652.879983 2165212.326074
0.220227 3839016.972676 3133016.912029 4980809.374817 2635097.150407 7260153.668967 9019624.696830 2221731.153422
0.222416 3938851.016676 3217679.705905 5100409.846243 2709646.601776 7399411.510876 9175604.049936 2284518.215958
0.224478 4033555.343729 3298050.188064 5213835.529547 2780393.834176 7532981.253866 9323387.335244 2344672.348023
0.226558 4130335.932678 3380450.982804 5332176.651595 2852927.998661 7682584.453103 9473292.234679 2406350.414998
0.227431 4171161.902434 3416034.707107 5383285.428018 2884000.959960 7747371.164163 9536456.168335 2432537.778736
0.228309 4213323.293024 3451994.835813 5432216.758441 2915466.273322 7812794.557851 9600128.461351 2459054.927285
0.229550 4273308.242061 3502662.143276 5502109.968417 2960308.408188 7899146.388061 9690375.127459 2496843.761188
0.230833 4335699.614661 3555476.739732 5576868.949709 3007122.653339 7987273.841166 9783982.158958 2537136.380590
0.232892 4435560.130325 3641786.857866 5693310.301962 3083221.842280 8129560.437576 9937022.130261 2603057.831611
0.234414 4510817.296334 3706040.225332 5782879.157675 3138545.883664 8235016.398746 10060052.601646 2652485.218604
0.235886 4584486.138586 3768936.380303 5864231.421107 3192880.862304 8338333.305620 10179461.144649 2700856.941155
0.238536 4717065.335440 3885342.456013 6023746.234411 3295362.162583 8524958.636048 10395453.469996 2789355.933945
0.240048 4793703.711487 3951577.465339 6113125.623350 3353228.824813 8634420.358921 10519272.482265 2840671.626131
0.242674 4928818.317349 4067607.205857 6278767.616874 3455236.328374 8826222.954975 10735302.767125 2931223.587189
0.243935 4994048.498365 4125458.357927 6357449.773997 3504902.942946 8914976.054845 10839477.721696 2975354.397201
0.245691 5087043.166419 4204828.414471 6464539.508749 3575147.918515 9040825.623773 10985011.777786 3037513.037735
0.247698 5190531.241928 4297644.318018 6593224.447583 3658898.070651 9185621.623129 11152002.911796 3109566.041093
0.248827 5251520.782679 4350749.209426 6667639.356008 3706548.854488 9265857.249855 11246243.381219 3150573.736165
0.250495 5342478.017038 4430122.966171 6770047.449973 3777661.789786 9388334.911893 11385869.177979 3211788.885065
0.252353 5444590.336497 4519816.611236 6895306.868311 3857880.625553 9525539.774359 11541945.233447 3280865.561717
0.254969 5589059.371946 4647392.990917 7068635.233570 3970608.951414 9722336.813543 11751704.817855 3379720.372636
0.257665 5739102.656717 4781267.661389 7244490.007396 4088140.197372 9922284.513360 11964775.122035 3483566.548059
0.260423 5897663.084025 4920953.694560 7422824.190843 4208441.837448 10120565.840048 12183736.372509 3591884.577447
0.262968 6045280.844454 5051295.691358 7599566.239294 4323629.764021 10326801.283599 12401717.443770 3693721.193752
0.265133 6171956.931196 5164381.161193 7749149.763046 4422284.570262 10489143.132274 12601691.742970 3781785.922294
0.268438 6369597.136022 5337470.335817 7977194.727542 4575728.982934 10752774.541761 12902759.664155 3918782.625469
0.271673 6565280.462948 5509309.179035 8208483.708806 4730996.508851 11016432.558181 13171959.825360 4055898.675864
0.273399 6669865.740788 5603738.388059 8327121.082669 4813808.053694 11166057.746333 13316368.467828 4130287.371258
0.275449 6797226.596966 5716595.947691 8479963.391931 4913305.871686 11326937.673560 13488584.220026 4219760.783997
0.277995 6951511.321497 5856017.013479 8667319.723126 5040467.156063 11528883.218149 13703516.778915 4332586.011627
0.280603 7115579.659239 6000891.559637 8858896.159907 5171629.518391 11737093.619282 13924878.198962 4450128.146298
0.283015 7271963.112248 6137293.329045 9035158.019910 5296139.638088 11931150.736461 14130670.343272 4560622.314788
0.286018 7466084.921592 6309459.384689 9256078.195433 5454621.907541 12183390.695863 14388305.912059 4700605.051882
0.288593 7635919.865009 6461938.314053 9453235.862866 5592745.658624 12389533.820226 14610464.060863 4822784.247508
0.290763 7780876.981836 6591379.921202 9620733.900965 5710242.124102 12566476.050742 14798563.014760 4927296.292909
0.293281 7953006.032199 6745614.604689 9815450.025571 5846357.070790 12783364.370966 15017829.909225 5050355.729104
0.295567 8109693.074608 6886054.922449 9989014.827104 5969825.071501 12992965.346336 15217819.574409 5163748.801303
0.298708 8326500.655906 7081872.967459 10243420.213266 6146065.115655 13258233.197805 15494031.395997 5322164.489314
0.301393 8513617.391673 7253360.228591 10447460.893227 6297096.874894 13493336.365997 15731437.033252 5459994.222863
0.303616 8673335.117738 7395997.722407 10626425.158864 6427113.051477 13683758.248259 15928886.555810 5575801.206059
0.305692 8823499.605364 7530407.137374 10806196.141908 6550003.484073 13857042.750542 16114004.318912 5685342.801026
0.307840 8981399.126765 7672380.970038 10980389.861953 6679943.291460 14051235.457324 16306273.797494 5800106.278684
0.311211 9227826.093059 7897226.090121 11255608.046202 6883655.224948 14361819.847878 16627752.180691 5983146.517788
0.313658 9410817.824298 8060790.945520 11467284.027623 7032612.793498 14578515.369846 16864691.349430 6118352.830259
0.316041 9590790.355294 8223953.125956 11676312.186391 7182103.451779 14785986.014840 17096255.515896 6252003.623555
0.318955 9814690.835334 8424213.604436 11928447.655834 7368926.516112 15051221.526447 17380508.026487 6417933.671750
0.320735 9951564.367417 8547220.396397 12083933.541956 7483402.934173 15234938.296088 17536573.853247 6520650.488532
0.322731 10109591.852358 8691187.348746 12251647.107722 7612976.914336 15415352.312720 17707320.523920 6637064.168722
0.325398 10316101.017654 8883988.948204 12481417.929108 7788712.346516 15662085.360509 17936063.961562 6794655.985821
0.327662 10491380.773904 9047659.203571 12673488.678670 7938119.100809 15870469.255904 18130771.294450 6930278.012829
0.330228 10695539.404800 9230615.266174 12907790.408267 8105114.537178 16111547.193460 18353171.123961 7086048.419015
0.334234 11023493.990563 9525439.163801 13263053.814543 8372720.348785 16471424.648071 18727422.892748 7333632.872800
0.337006 11246189.113482 9735760.022564 13521154.727356 8562477.278640 16727557.802826 18987762.475318 7508111.260476
0.341116 11591323.127525 10049108.967640 13905507.247783 8855773.668390 17105553.592271 19375802.265826 7771599.692659
0.344297 11860142.711404 10297176.554363 14202999.610277 9080901.883719 17411435.142931 19677783.594321 7979487.150533
0.347110 12101415.406481 10519935.040259 14463054.107497 9290755.383762 17694962.318539 19946016.233417 8166220.639543
0.350528 12397583.552886 10792283.057066 14779871.314589 9547040.771097 18022917.916297 20273420.686336 8396796.141249
0.353241 12632364.493205 11009940.740401 15043559.873291 9753126.140320 18287541.088548 20573254.305519 8582704.399983
0.356614 12923908.020527 11285079.730692 15372687.872926 9992134.833487 18618668.519723 20946472.709770 8817429.605782
0.360130 13246717.987766 11578754.624307 15724737.115250 10256471.094096 18990800.330637 21281948.105136 9066368.567114
0.364319 13632624.331523 11931410.216483 16148522.751261 10577808.171818 19436575.318504 21683531.280263 9368676.581061
0.368843 14049813.964788 12317662.556781 16598863.255553 10938511.565507 19897917.662484 22118618.589524 9702198.428693
0.372924 14430731.937714 12672572.815283 17012059.027819 11268536.008588 20361343.903876 22514778.884299 10009379.921333
0.377314 14849829.587933 13056675.563479 17466038.123250 11625344.956473 20821441.718258 22987312.979021 10346563.623410
0.380500 15153927.829420 13343115.902475 17795895.111908 11877875.646332 21152647.731835 23296194.890269 10595678.326197
0.384344 15530282.152394 13695774.994944 18197415.577421 12197878.479783 21565034.310318 23669632.927910 10901208.766200
0.388893 15987284.333644 14113590.638230 18693050.798571 12581037.793742 22056030.825182 24161884.650732 11269837.356965
0.392610 16358792.239742 14464092.809431 19101521.720609 12912566.880789 22466202.063994 24592822.271837 11576767.219569
0.397077 16820041.522614 14895952.463607 19606821.236727 13318036.823650 22975949.482503 25113946.430973 11952484.695613
0.401767 17301979.455115 15350520.110936 20115565.479477 13726542.365657 23510296.062985 25664820.134684 12355069.559894
0.405804 17727795.630174 15748809.981126 20579530.637797 14101365.333547 23982371.718302 26142003.666728 12708302.057207
0.410249 18211750.935012 16192040.700703 21106871.594315 14524848.161018 24523523.417515 26814551.949650 13104453.957202
0.417136 18961846.205751 16878898.792258 21900051.592144 15188153.301662 25337869.971594 27568013.523588 13730400.246894
0.422754 19587274.628930 17464366.042673 22549394.903137 15748110.332691 25993926.742016 28314349.392012 14251978.457336
0.428519 20228219.957533 18071808.792071 23229740.327006 16317201.468064 26688191.446273 29133712.431173 14792051.682716
0.432461 20681058.232747 18488139.562986 23697593.605253 16711994.737683 27151766.260372 29638932.601227 15161746.135645
0.435868 21075224.235908 18857569.111874 24100778.973198 17057609.518268 27550392.763441 30070510.870765 15498129.885824
0.442140 21803319.952926 19530776.769636 24832332.420355 17703194.674560 28304521.098190 30871770.501668 16129342.186856
0.448661 22578158.738147 20267431.101555 25650073.733625 18391944.005903 29124370.460610 31650968.348644 16802161.216686
0.455329 23394123.694873 21022939.434903 26495165.894207 19104917.347864 29970277.395606 32525596.893628 17507734.260302
0.460138 23986689.560032 21579667.521884 27108699.014657 19636581.162810 30588125.519101 33219174.883668 18010782.433325
0.467770 24945881.432718 22484180.566955 28102639.661823 20493330.311650 31569898.554481 34289236.580733 18830511.709535
0.471283 25391145.802797 22912165.728744 28559137.966539 20882150.250757 32038979.792963 34764609.515963 19205284.910306
0.475580 25938908.837532 23428889.538475 29130982.071685 21374391.324277 32624640.316048 35318074.797974 19669522.174289
0.481912 26773420.178213 24198108.424497 29973914.932813 22112609.947750 33425972.615835 36393523.147150 20365330.950083
0.488405 27624964.380356 25006221.193299 30852614.326904 22873184.496522 34371189.172073 37382909.834658 21141643.397853
0.496507 28711718.037032 26048647.276249 31948864.720306 23854512.587749 35534565.162682 38570381.071130 22136678.505036
0.504396 29789124.958512 27068143.450468 33045313.804259 24832566.148809 36648431.896255 39718493.480134 23073462.726471
0.511521 30772259.449558 28022003.734443 34020719.911593 25712636.938909 37671967.934680 41002587.497624 23931527.619592
0.517301 31582983.109876 28787905.086932 34830630.306250 26491923.626555 38563047.693734 42089970.181173 24640721.827345
0.526739 32943273.693710 30096918.729494 36212910.797340 27721184.103830 40016538.433006 43823620.751126 25824053.086163
0.533149 33881207.493581 30982472.858900 37186824.017582 28558685.187992 41024268.001560 44991576.869850 26645678.971172
0.540438 34959444.933818 32023324.898159 38253297.399090 29564846.357867 42116546.888412 46349721.375476 27592218.594034
0.548191 36118583.617302 33145564.655211 39435192.357261 30635188.039944 43372850.523256 47802693.545507 28602116.833118
0.558151 37644440.531840 34631021.913792 40979361.511211 32063769.930855 45001361.096612 49736432.135179 29930364.626979
0.569882 39480531.366129 36402065.151559 42839768.617014 33744378.908406 46926796.729205 52062747.131830 31539532.350267
0.582109 41395155.710123 38310557.869926 44828636.140628 35557866.288027 48986178.899349 55036534.333039 33268524.914188
0.592998 43152729.223667 40038146.645410 46635525.135489 37203203.367063 50788737.986467 57463287.495002 34853046.838355
0.606740 45420016.570561 42242197.452526 49043527.731439 39321956.781706 53254595.903896 60371103.183265 36877477.639231
0.617578 47221952.526310 43998902.444668 50967889.809608 41055347.084533 55329985.737428 62663675.598167 38478164.070355
0.629297 49237368.153413 45976810.766341 53063572.389228 42959330.138985 57629720.001105 65176665.486126 40250661.126058
0.642722 51583910.713506 48190899.129001 55497836.339870 45132325.750250 60412100.329030 68097913.209619 42334464.837467
0.652029 53270341.970468 49771891.261566 57229722.245788 46681982.304502 62414417.010427 70501545.604860 43825713.860190
0.658676 54463939.677123 50904945.892894 58514780.241376 47780822.495036 63867755.668441 72096034.108155 44849620.157972
0.673089 57122837.766503 53387935.336059 61324555.971557 50170353.555704 66910405.164372 75111008.895596 47257926.659432
0.680898 58567264.046252 54737016.471037 62905661.257950 51514853.482827 68686420.810644 76900968.077965 48642583.707662
0.688119 59915293.874699 56020456.926080 64364426.511207 52748320.723282 70353814.687432 78906919.877407 49802463.822984
0.701687 62501132.944955 58448355.369746 67153739.446197 55049444.561086 73418101.506723 82744762.891322 51607776.471838
0.712498 64589135.578209 60379040.393203 69401626.584761 56947725.197571 75980498.846385 85866445.430842 53325595.972742
0.721862 66440739.745518 62099259.221228 71414578.948483 58471603.117043 78361860.046519 88615527.715288 54954034.105234
0.734036 68893179.983879 64361877.856000 74106736.862459 60586851.562190 81353812.949669 91907052.123863 56839748.920242
0.758466 73917870.836536 68942249.566620 79491674.204106 64710013.280405 87671607.168433 98793471.607003 60085880.319448
0.778042 78059795.530995 72719566.884325 83926722.164185 67933089.762782 92886523.100622 103167015.576427 63008127.006035
0.800053 82868834.420370 77050373.842967 89156455.233661 71415291.473272 98951896.874105 108567930.974248 65922918.739486
0.817411 86708132.497895 80501351.302104 93465591.321164 74237033.364035 103746340.819454 114435179.911376 67690341.401105
0.834699 90634515.517523 83983718.818828 97867141.953576 77055790.066119 108677131.840923 119628211.301419 69447080.423799
0.855891 95471070.752456 88346168.611575 103354964.670925 80529134.403647 115069176.355333 126230241.659227 71595303.226150
0.879242 100912259.701567 93278046.660834 109539379.858935 84227179.517630 122106189.669448 132914767.116573 74335226.802798
0.904132 106837559.576399 98565008.050272 116318724.826849 87979870.758217 129790361.128666 141614042.030525 77647652.882016
0.927786 112556306.026038 103515234.095055 123028531.057054 91729855.762901 137307169.690452 149190567.701911 80825948.349321
0.956322 119722540.937301 109673863.817504 131366475.841599 95915701.458351 146554900.089935 158987551.704057 84697556.745159
0.984485 126999150.508496 115761725.162947 139689828.514078 100391332.876089 156144870.982209 168220177.810885 87893288.987837
1.013214 134468960.273286 122018096.272203 148456883.834849 104469771.179760 165600571.551234 179721077.983787 91129756.351862
1.052857 144953317.551174 130769487.027389 160758702.260106 110743469.078091 179059172.914748 192393192.632144 95587136.652744
1.085263 153684950.448235 137859142.199434 170921784.569772 115875923.576193 190507423.570648 203830774.632057 99221624.357901
1.132954 166835748.923532 148504762.253427 186437598.742224 123030806.129764 207132028.837081 223817920.868714 103709918.602753
1.184832 181319002.165316 160103331.037535 203346202.004405 130529653.455530 225927811.332536 243982618.659647 106784575.764168
1.256929 201578049.940648 176217299.071835 226921991.649499 140621883.521803 251900847.381185 270328151.561731 113250914.247162
1.345691 226310826.376485 195357458.802571 255473331.528574 152730279.296857 283020561.243648 300184634.257743 117973364.357589
1.443467 253479724.955890 215293041.928771 286627286.624595 164100859.065138 317594586.368989 336368188.265418 126827447.745515
1.555823 283363571.955487 236204561.536908 321893490.146701 176251255.128242 356872992.339946 383250779.505843 134067706.340738
1.714154 322501071.109169 263626916.656097 370077312.348341 188341311.465648 410885141.353007 446942027.222263 142042496.785138
1.923938 368514790.442691 293485293.565890 428284256.598882 203244891.480568 479280314.595429 534571357.122544 149139529.798425
2.216721 419424049.581794 322390098.951347 499316158.357781 215723042.993921 570131408.190250 642789248.828103 154813669.692637
