0.026998 52730.780959 19346.025401 107733.836941 9451.496141 152668.298143 225045.200508 5976.102826
0.038556 124710.043992 50481.132881 229307.460184 26298.113304 319205.366992 458179.821302 17137.988507
0.048593 217515.862221 94148.838581 371810.969537 51004.755342 510130.419323 721548.330794 33919.309170
0.055592 297686.804351 134832.864798 490983.608401 74641.748762 664281.990339 928034.303177 50114.860512
0.060745 367099.511965 171146.856323 589165.209100 96045.764574 794777.100710 1094019.321044 65101.975261
0.064411 421368.932891 199907.598118 664595.187047 113381.038858 894407.407495 1219025.310581 77257.405196
0.070562 520875.319971 255027.496337 799618.554667 146194.059990 1066081.775865 1441198.179175 100530.195176
0.076087 619750.601589 310705.291314 932273.075682 181302.530952 1237794.488790 1656777.356992 124929.794626
0.080896 713222.787622 365749.458462 1053656.824382 215117.892604 1395864.885328 1853890.994825 149031.877207
0.085596 811455.212199 423703.334069 1180605.930275 252379.646262 1554307.695019 2054043.191120 175319.377316
0.090602 924541.916827 491790.442513 1322178.942754 295935.418768 1729745.950509 2273428.016664 207008.468058
0.093835 1000238.019783 538663.812310 1418565.603956 326575.171611 1850105.739082 2419562.815621 229337.257628
0.100661 1171987.976881 647393.749888 1630705.650028 396995.125164 2119454.078845 2739126.728222 281518.443862
0.104621 1276771.065546 715383.514386 1760831.763117 442592.321831 2281209.218800 2931121.885634 315058.101739
0.110110 1429265.010725 815633.291733 1950116.324778 511242.346635 2511603.469835 3204928.071198 365702.089455
0.113793 1537700.718835 886995.182479 2083497.006203 560226.126015 2672921.964974 3393475.750404 402485.570595
0.117869 1661964.091862 969610.295804 2232461.581128 617927.901138 2855165.441967 3606507.263960 445745.285346
0.121046 1761883.040845 1038025.176636 2353340.082262 666572.554571 2998351.278597 3775641.384425 480676.534390
0.125535 1908078.174080 1137702.065331 2530818.679867 735360.659450 3206267.549100 4019093.225004 532940.152252
0.128537 2007829.108821 1206478.795070 2651837.297688 786207.619735 3347480.691506 4184740.261408 569832.679389
0.131696 2113350.859608 1281304.669172 2780732.298750 842078.103101 3498541.081121 4361439.173117 610370.611236
0.135432 2246218.114616 1375875.631065 2939065.073304 911342.798874 3684365.621126 4573492.046184 660627.458596
0.137835 2333211.529898 1436113.295999 3044548.197132 956970.548790 3806446.660908 4711605.050189 694301.289815
0.140308 2424890.015666 1500939.582682 3151980.724905 1003059.419598 3933654.299432 4855134.635108 730075.648299
0.142053 2490134.013717 1547160.444949 3226597.087722 1037392.847790 4026341.906331 4957813.403448 756010.213058
0.145280 2611758.597745 1635669.561505 3368569.728361 1102508.384402 4201580.987032 5149513.397080 805497.329276
0.147665 2703168.588265 1703343.402800 3477203.054229 1154307.831999 4325021.067515 5292682.479885 843361.671791
0.149980 2792089.256695 1770591.184919 3583408.738085 1204799.738461 4452283.305362 5432834.870180 881176.845398
0.151952 2865702.373238 1831092.815081 3676018.383690 1246726.153397 4565151.741053 5553127.044392 914223.413540
0.153982 2948801.096654 1894953.519512 3770654.560801 1291357.811990 4677600.754297 5677813.236281 949051.730672
0.156716 3060758.157973 1980982.888926 3901834.504305 1355799.367403 4832752.151993 5847089.209720 997270.457123
0.159664 3184001.011302 2075338.755306 4047263.725917 1418744.896622 4993427.755890 6031315.690981 1052785.188051
0.161941 3282322.935013 2148177.798723 4158104.847441 1472667.927878 5123793.518979 6174793.468149 1097082.519655
0.164377 3386127.809379 2227506.090625 4280031.817223 1531260.610384 5265889.419425 6329409.825661 1145790.334636
0.167391 3516217.539736 2329004.002811 4432360.648748 1608097.771166 5437665.750181 6522283.129619 1207964.599975
0.169711 3618049.795759 2408220.624603 4554319.558744 1671851.965270 5569681.592212 6671905.317625 1257279.680560
0.173957 3811106.099779 2560594.186420 4779312.051414 1789817.842246 5821414.269287 6949792.828607 1350868.392176
0.176375 3922377.139044 2649288.436935 4912148.891357 1857522.265338 5963411.206752 7116320.153422 1406119.301746
0.179517 4070728.576099 2767490.014396 5081573.877236 1946872.463931 6150199.906413 7334616.374917 1480064.539506
0.181898 4182887.147182 2857502.003345 5208029.304776 2015049.465190 6298050.925339 7501454.858810 1536940.535319
0.184886 4324201.641179 2973738.470333 5371880.137169 2102550.731773 6483966.838972 7712523.865679 1605017.861107
0.187835 4469836.220900 3089797.269294 5535959.857297 2191041.364245 6673464.344950 7922661.681608 1674001.881224
0.189583 4555531.937733 3160765.228268 5633559.074594 2244497.459467 6783264.642499 8048062.336560 1715740.560105
0.192245 4688893.608317 3269132.241183 5782101.387246 2327345.963054 6947222.959816 8240221.403590 1780526.920509
0.194057 4780353.678407 3344674.802705 5885704.576131 2384738.661097 7063759.419321 8371833.536429 1825476.650194
0.196487 4906499.844651 3451504.359158 6027922.521130 2470446.190269 7216895.037368 8549351.257780 1886845.702489
0.199180 5043837.223964 3566661.147520 6186075.568184 2567420.232731 7391669.281231 8747426.549885 1956830.127149
0.201179 5145681.028369 3654569.552441 6303946.479120 2635267.252368 7524519.038230 8895358.800467 2013669.192724
0.203862 5288120.268967 3774184.889645 6461863.003666 2727998.870322 7699319.588985 9095100.483808 2091593.698397
0.206124 5409134.747871 3876531.156750 6598638.594192 2807673.451810 7845284.390811 9264546.848874 2158760.493693
0.208578 5542508.659833 3990286.024769 6747838.420623 2895664.492662 8011350.033708 9449444.046970 2233162.537298
0.211735 5711830.751632 4137103.886740 6941712.897644 3011253.279440 8231140.817339 9686882.020649 2331248.436721
0.213307 5798727.109589 4213393.908745 7038745.543889 3069817.889218 8341299.609119 9806869.253525 2381092.232775
0.216359 5969106.618880 4359817.439206 7235162.305311 3185443.362616 8547468.143852 10038085.638565 2479783.276265
0.218985 6119877.528002 4486433.712528 7401384.002667 3283314.594056 8720969.288233 10231140.094724 2566744.519107
0.221818 6281945.277394 4630638.950569 7582738.814997 3398632.276312 8917129.268628 10440410.944589 2662702.209202
0.223742 6391722.899806 4726283.719879 7707358.045525 3478122.800693 9050963.554575 10583114.506307 2729148.278746
0.225603 6502050.078656 4818739.407640 7825926.110201 3557967.765759 9178336.617435 10721583.771094 2794408.716717
0.227639 6626539.795834 4920078.548446 7959798.614624 3642846.531146 9325792.404167 10873560.427659 2866928.015989
0.230287 6788211.847915 5057839.534467 8137673.660876 3753192.559059 9523686.499359 11071967.006483 2963011.800204
0.233458 6979771.428655 5225782.007820 8346681.605516 3888868.830091 9757017.916446 11310649.429209 3080721.095015
0.235787 7120411.511102 5350979.972694 8501600.385190 3988671.283153 9917414.155899 11490335.629072 3169028.339695
0.237800 7242803.361650 5460544.154207 8634746.692460 4080038.568398 10065375.619401 11648615.950792 3246628.086619
0.240658 7416031.172583 5617886.391418 8827451.759119 4218644.160889 10280232.981067 11874050.528099 3358845.481670
0.243118 7569471.787509 5755282.397299 8996628.775964 4331674.494688 10462295.090670 12068745.238478 3457369.490140
0.245269 7704119.473094 5872756.702151 9144996.896892 4433193.790199 10619820.810877 12239467.981171 3544994.360601
0.248124 7888023.671285 6040260.956187 9344591.719196 4557149.294885 10834109.523640 12466746.444818 3663440.232999
0.250159 8014977.009901 6160392.322671 9489200.966845 4654491.655446 10980770.220828 12629209.610875 3749367.844575
0.252295 8153369.990200 6285714.738761 9635165.341231 4753823.948459 11139173.203821 12800140.745100 3840912.728867
0.254879 8320461.909767 6438210.880514 9818549.380365 4882645.526265 11329967.876258 13007464.448962 3953520.773341
0.257340 8478464.157029 6585140.946246 9993097.365513 5007218.595558 11517821.655636 13205458.145118 4062676.771523
0.259263 8605484.563218 6698686.240672 10126914.052925 5105841.683317 11663795.668454 13360525.896858 4149273.616828
0.262653 8836764.500252 6899136.998420 10372248.460287 5282451.933664 11920391.490699 13633359.703155 4304735.878216
0.265576 9035028.859347 7077889.678029 10584075.372941 5437560.800793 12149055.202792 13856391.098044 4441673.792484
0.268832 9252286.000167 7284155.176178 10832374.401902 5613436.269864 12397653.389439 14105490.598861 4597390.024609
0.270737 9385216.631933 7407090.425128 10972112.606333 5716244.688101 12549235.729646 14251545.204859 4690058.598967
0.272707 9521349.697071 7537893.385724 11117894.725902 5822231.079042 12704646.523595 14402820.151696 4784313.268464
0.276279 9770717.159284 7774518.494990 11392348.332241 6013276.074171 12986932.324564 14677709.315249 4957692.556133
0.279899 10030648.038085 8012646.064951 11658243.283799 6218473.540382 13284894.892451 14957052.419988 5137272.016424
0.283329 10276471.316364 8238819.346981 11919073.611183 6405082.184004 13565653.882743 15222412.330350 5311045.342385
0.287265 10556943.309232 8500660.352830 12225978.757687 6633914.112469 13888380.458890 15527698.944251 5514823.356670
0.289900 10744181.903741 8682049.559439 12430225.443579 6793854.136820 14103690.498463 15732524.991943 5647287.098761
0.293481 11005630.798809 8937221.705179 12709088.430381 7006793.685552 14408551.327475 16017304.408631 5823857.969233
0.295659 11164621.490692 9091490.523657 12879640.760617 7138190.205682 14595174.065315 16213880.575419 5932793.376581
0.298272 11361406.199017 9283745.045042 13093200.250049 7308540.255585 14817987.846522 16455078.887193 6065030.606332
0.301349 11596709.260319 9506380.740407 13339730.215356 7512773.264081 15082209.205545 16740366.883794 6222915.863802
0.303755 11781626.791706 9686461.690999 13534401.105879 7665913.379116 15288946.778125 16967476.235080 6348007.738826
0.306757 12008948.972872 9895468.048683 13782937.998339 7865994.883727 15548218.852942 17274782.126587 6506106.253678
0.309831 12252692.318707 10122107.332722 14030998.613159 8084620.717045 15811557.249978 17533664.940060 6670326.386627
0.314787 12647200.538967 10495718.306772 14436878.160522 8409766.268840 16233245.726576 18001724.487364 6940068.323752
0.318292 12923465.778226 10757988.978275 14722743.378607 8646911.394741 16527161.844735 18307078.125655 7134560.818091
0.321305 13160132.321402 10985907.786478 14972469.314843 8871781.976056 16787073.563718 18561409.447646 7322297.739831
0.324241 13397360.957207 11216305.106968 15217805.969727 9063291.830361 17047929.202365 18809636.869695 7511685.127871
0.326199 13553093.334288 11368117.123759 15385721.053014 9190839.786016 17211585.037391 18975390.164062 7639664.308133
0.329757 13838261.938808 11655641.158885 15682399.315794 9452449.840820 17511871.197969 19277013.554385 7875677.595389
0.331942 14012429.933693 11835397.134615 15868129.551078 9607401.527350 17701922.792515 19462507.347718 8022834.697436
0.334030 14180658.873651 12003596.139187 16048668.645757 9766446.012305 17884746.854561 19639949.669610 8165044.291005
0.337596 14476314.912033 12293791.449532 16360218.426002 10047219.287088 18194957.444091 19943399.353489 8409716.039686
0.341024 14763117.249224 12571642.765789 16660473.885867 10300445.166089 18494922.222069 20245690.618598 8611146.005026
0.344232 15039106.390800 12838492.402051 16939187.979325 10546301.912347 18783529.083701 20540255.783599 8802032.468937
0.346811 15256853.813522 13048534.030125 17167093.320768 10741648.809387 19008163.259052 20777717.440512 8981090.512569
0.349914 15521999.058401 13307512.174410 17444355.692497 10990277.797961 19299385.517687 21064184.380302 9199922.428094
0.354002 15866646.155096 13647888.318068 17803789.638868 11295200.369694 19682291.546051 21432971.661432 9493068.991082
0.357228 16143639.456674 13918244.341104 18093297.402002 11540185.865585 19990776.521455 21706092.158916 9728311.916304
0.360760 16456647.300098 14217275.425894 18408839.790033 11809282.823854 20310054.554648 22005494.771912 9984791.159668
0.363942 16744105.693231 14501453.171358 18693975.733375 12072036.141494 20591408.193080 22275550.350772 10194112.485040
0.369501 17232837.214052 14973933.940156 19204775.168051 12524187.460463 21085515.495640 22748035.093881 10611566.636143
0.374012 17642737.394990 15374298.230626 19614994.238125 12894548.365111 21520304.304126 23181214.771575 10968463.278557
0.378766 18072360.301647 15804380.063567 20073877.663105 13301275.447286 21952407.494874 23605717.637207 11316803.809915
0.381364 18312804.946298 16041877.478994 20317454.903360 13535926.034521 22194770.682844 23858998.960332 11509789.513370
0.388675 18995572.438825 16713389.938364 21049226.377545 14207876.475678 22888590.690144 24525561.020261 12062843.729406
0.393808 19474510.658541 17192819.839848 21545409.588283 14645233.459649 23387758.526896 25073166.233457 12459961.200384
0.398175 19881935.872957 17606354.396183 21960194.628480 15048341.682468 23849411.770260 25507656.805637 12800790.841526
0.401100 20160213.673667 17886177.086230 22244784.419963 15315960.738674 24132564.763719 25796148.271133 13030281.116930
0.403714 20407742.765162 18136676.249813 22499304.548463 15560064.288806 24404798.164609 26099195.204754 13243184.057124
0.407609 20781494.891117 18509830.752970 22877412.326182 15937590.874695 24811841.967180 26524270.460034 13563954.885603
0.412824 21294397.703853 19007622.772970 23401093.470440 16432682.974169 25336005.775237 27028770.798911 13994947.221618
0.417765 21787227.897928 19471136.546880 23896424.743807 16919850.851548 25838123.330651 27508218.762516 14413172.581700
0.423618 22352315.882469 20031394.583667 24494908.214923 17480098.421394 26430889.184180 28217703.434989 14950901.837680
0.428437 22813685.722561 20515781.107868 24985845.725960 17970641.385666 26951328.394792 28866088.546733 15402212.020754
0.432238 23194267.574848 20884865.540453 25381951.318139 18352319.643422 27382859.901635 29380850.051799 15763664.713727
0.437027 23680126.347963 21352948.467386 25876729.624274 18861359.431982 27911755.033158 29907867.296291 16225969.462216
0.442907 24267189.840615 21948945.204042 26499424.095174 19453782.509641 28547980.725746 30699136.734903 16804143.043956
0.448860 24873674.126843 22568664.555138 27130548.471423 20051134.706903 29203516.377090 31457772.425901 17401375.503129
0.455284 25529349.463326 23233086.417924 27813329.276547 20745650.876890 29923072.533633 32234480.793723 18059312.580979
0.461518 26181595.755248 23869734.084080 28490553.023879 21371830.153980 30633695.582370 32994252.619919 18618744.017424
0.467240 26783315.709217 24448747.657689 29125475.499528 21987653.078008 31262475.812451 33696789.602517 19131973.766782
0.472033 27301361.751002 24958298.598578 29658236.124362 22527973.411925 31839256.931782 34465376.506271 19567243.974741
0.476736 27802009.846099 25453673.074747 30184082.077316 23050449.057677 32410376.165007 35136491.633129 19999084.650979
0.484266 28618132.474491 26260743.924645 31010715.696168 23844741.770886 33331469.873131 36310369.229936 20700264.070986
0.492155 29483709.209177 27080085.985854 31908596.986014 24659959.853755 34315820.781504 37427112.573826 21499765.557746
0.499968 30355074.776084 27914047.767766 32833582.973134 25455450.583446 35318369.619815 38807288.217075 22336192.254190
0.507739 31222301.931962 28755575.924408 33715200.415963 26318133.828571 36326209.323755 40055268.115685 23185573.712595
0.517242 32299521.501249 29775150.592394 34851490.281695 27319149.001674 37586766.795828 41325187.461476 24247956.452766
0.525860 33275297.814568 30705456.741775 35870786.957616 28221279.291313 38748044.423176 42789044.837695 25109735.291607
0.534675 34280686.807508 31658174.489585 36956329.475999 29197961.410606 39914048.609455 44375178.490686 25979457.148091
0.548223 35840736.576394 33162705.295419 38608111.217325 30667939.287497 41863748.214125 46904515.442548 27422280.229756
0.558300 37016317.384941 34282639.186633 39879796.269953 31749115.680398 43423938.018243 48914204.502237 28551086.021141
0.569451 38330713.349189 35536844.260991 41315688.588465 32958102.961606 44958316.445044 50905238.703840 29785260.090120
0.581159 39728892.707620 36859132.100175 42857743.378506 34177586.683352 46815316.393422 52905576.533867 30911320.172287
0.600079 42025491.690452 39027672.649169 45427966.910965 36214356.232515 50019378.727315 56504433.222695 32981670.576394
0.615085 43869128.800526 40712625.845074 47482744.239479 37753507.336153 52447330.165971 59542692.964815 34629470.521753
0.628305 45521901.435835 42213064.593435 49331802.227137 39082298.925998 54677501.529135 61985927.918133 36051320.872344
0.645491 47684008.860894 44162290.183962 51818208.532857 40890981.237467 57813938.807403 65459613.112615 37952252.494357
0.668745 50678460.713258 46799571.929625 55407942.049361 43355919.628637 62305856.930848 70176225.063430 39975758.747195
0.691114 53570787.987952 49369738.205940 58725075.494800 45669049.509497 66455596.238440 76033846.384913 41915544.379757
0.717107 56988206.598421 52355818.048046 62885975.756792 48331091.431410 71390279.599453 82285708.328087 44162663.088374
0.748753 61188984.179291 55990231.435121 67969265.067035 51564710.483591 77837992.793125 88877578.663544 46618078.693920
0.783272 65855658.116888 59974183.435421 73661881.800507 54858531.366936 85109866.196884 96484366.473997 49150134.124448
0.815212 70310894.349469 63717848.230235 78973592.208119 57879158.258972 91312018.937796 103048967.912178 51380993.908435
0.847567 74836664.554280 67534167.784013 84290787.023611 60991176.364015 97761848.726806 109078047.844697 53316912.843509
0.874722 78675084.583589 70736052.887326 88918620.502748 63375346.209154 103276813.083209 114973622.281182 55080069.117085
0.923578 85548812.986604 76421742.077335 97236512.938644 67285068.821799 112802128.192818 125126066.350544 58102133.579765
0.967894 91847021.266093 81518334.965630 104581017.780915 71036366.568018 122115672.149435 135381350.704658 61075779.134300
1.020452 99223555.625582 87431192.622330 113349669.973989 75347109.837398 132891836.597959 147059631.567288 64470727.931756
1.075593 106873977.122504 93370014.277247 122775833.913801 79436213.893493 144514824.010442 161565736.527635 67483961.007317
1.165719 119227018.349684 102903145.925911 137507367.569612 85594687.681890 160908934.788803 184119468.499117 71290173.521423
1.249018 130279131.460887 110889287.478175 150414849.808335 90768004.724409 176469791.153927 204402699.024469 72882979.324051
1.323169 139658824.146783 117522154.687168 161948628.251575 95327291.305257 190485966.124922 223328430.181730 73830291.287987
1.434060 153253297.311705 126800047.348414 178904731.757568 100055346.287503 211646821.537108 246007089.529279 75005336.158831
1.575949 168625645.149251 136988333.674228 199388158.695830 104956240.891458 237603205.623644 278149196.532543 76920256.927977
1.733672 183814981.222804 146193987.924424 221162082.044220 109398277.444275 263650844.503669 318382727.184348 78670382.682967
2.000191 204463747.882162 157960380.103612 254769325.277802 114532821.217108 306762899.981905 370771923.565746 81441248.844630
2.378460 226938943.297226 168981030.554293 293823294.397397 119396565.901103 364906048.787089 454264875.943368 83030620.110073
3.052104 252024654.249201 180559703.063132 341434700.095402 125129144.694079 444415207.276031 581123134.990509 84568927.004114
