0.020056 37393.275573 13906.679657 70901.530890 6514.536838 95289.566584 119587.482603 3907.617278
0.032112 114786.526814 48940.698954 193115.778314 25012.075616 249365.334554 302245.446616 15742.920058
0.037713 166614.900636 75088.952778 271190.318376 39588.440580 343984.516553 425339.410398 25315.559424
0.047480 283722.744609 137901.108271 435237.622740 76514.499212 540189.494154 668361.433861 49938.467505
0.054559 389759.640100 198704.789525 578697.757147 112526.125704 707308.651238 866824.915605 74483.880847
0.058696 458749.828316 239801.622431 670864.757192 137960.077483 815581.365712 1003283.590543 91838.732297
0.064934 573527.752381 312548.261041 820130.965449 183969.131285 990998.168697 1214790.443191 122606.383153
0.070490 685457.140948 386860.608188 964870.431923 231377.584679 1158329.214136 1430268.103206 154995.106679
0.075801 802898.078070 466417.038302 1115112.766466 283553.960471 1327942.819355 1630560.695850 191705.108613
0.080865 925945.797460 551639.873074 1266151.078846 339848.418326 1501130.488653 1830929.733713 231735.035590
0.084389 1015602.312667 615003.488120 1375996.814523 382876.235201 1624733.810347 1975562.329927 262590.579353
0.088396 1123887.072741 691860.673106 1503848.994870 436147.402546 1774987.652936 2145015.351747 300804.314075
0.094218 1287044.525684 814089.970593 1698587.866212 521940.292235 2001123.369064 2400341.189677 359481.166345
0.099135 1434172.327163 925674.308996 1872406.784962 600848.538527 2198527.628852 2632410.835781 417443.868502
0.101766 1515042.798261 988840.660472 1968983.018179 646826.657438 2307625.618887 2773668.191660 450972.660372
0.104817 1611523.942220 1065207.299283 2083294.398419 703101.257126 2444885.938724 2947978.820322 492006.239032
0.108263 1723280.776518 1152030.725256 2215439.096540 769539.548560 2590811.848193 3138220.021727 541206.106388
0.110941 1812630.851902 1223806.033687 2319930.564583 821819.822022 2710729.680279 3274679.309520 581585.609099
0.113955 1919235.927636 1309280.563148 2441695.561563 883415.949854 2844562.921641 3430404.589039 629330.939167
0.118798 2092285.347693 1450495.914772 2642057.747062 987953.064712 3067568.858629 3709289.859508 706045.991452
0.122855 2244210.360698 1575160.278042 2812867.468293 1081136.611871 3260194.509996 3932985.344848 771429.129624
0.127886 2442052.676568 1737677.728729 3034283.690634 1203960.876304 3503256.406752 4224228.445817 866656.215843
0.130119 2528764.573788 1814841.555226 3135579.746523 1261473.913564 3612986.019738 4350856.388465 911451.648838
0.133188 2656449.029944 1921808.064603 3273398.908923 1342672.416293 3767053.113417 4544442.778109 975429.659711
0.136893 2811927.792066 2051343.813553 3446248.469985 1445930.858836 3956986.609224 4764501.306768 1056457.620295
0.140223 2956224.427108 2175159.707321 3604089.914341 1541788.792755 4136415.855257 4959871.786528 1132897.679627
0.143392 3094689.537922 2295654.621778 3755520.988267 1635084.058205 4310564.601562 5148029.150038 1207701.245537
0.146604 3235955.316196 2422317.990793 3913669.224077 1734617.819037 4492039.907831 5352774.238446 1284145.285678
0.149579 3371645.422858 2538068.514111 4063948.295169 1829825.682798 4656719.766142 5568784.503317 1357596.449926
0.153299 3542636.456011 2692256.019537 4253263.725559 1955423.083558 4867640.163070 5844706.255823 1453077.671271
0.155801 3662591.846714 2798829.541630 4380753.188029 2042720.425832 5013156.544600 6033915.607911 1519600.383030
0.159029 3816916.291070 2940834.059547 4547969.935961 2161634.079489 5207450.502228 6261906.206320 1608337.595673
0.161614 3943723.057811 3053832.966992 4685544.050580 2255158.369430 5362051.721668 6438936.402638 1684386.652959
0.164631 4093562.330197 3186722.431035 4849527.310117 2367305.533736 5535034.221463 6677475.296213 1776000.396466
0.168994 4314905.073552 3388789.799249 5085672.907347 2531573.162919 5796284.906483 7029841.532346 1914010.027806
0.173269 4538557.558102 3590854.209917 5321970.254802 2694542.758254 6070256.858483 7354267.080441 2047203.752226
0.176257 4697097.198391 3735197.232496 5493116.059061 2820017.461130 6261244.284990 7583311.423996 2143490.629896
0.180339 4917044.849399 3940204.508022 5724284.016836 2997253.982767 6531834.263465 7870785.283801 2279464.535971
0.183358 5083942.166374 4096953.884119 5899881.282214 3128801.636172 6728240.649210 8096704.566998 2383358.658843
0.186103 5236723.570245 4243042.517367 6056620.695726 3251958.265161 6904582.860396 8325264.266610 2480306.404245
0.190306 5478553.516359 4468133.624557 6305360.538776 3444807.287210 7178626.459781 8667442.624992 2636727.716640
0.194328 5712583.902256 4692403.859251 6544994.172218 3640522.879817 7455453.565375 9023598.860012 2792432.348741
0.197438 5899404.404869 4862108.203164 6737525.879092 3792374.154262 7671559.219660 9282665.851352 2916653.020645
0.201774 6156866.330072 5109454.193063 7005736.575023 4015741.454689 7983161.530601 9681265.028540 3095473.495651
0.205634 6387730.459047 5333454.566289 7250256.231183 4216927.986170 8252736.311671 10028429.449173 3260243.766456
0.210547 6693533.339568 5621445.213000 7568016.194452 4479662.909592 8620632.494680 10543588.347001 3477664.006213
0.213500 6876627.812702 5795253.295062 7761622.349956 4631846.743659 8833163.756257 10867443.469939 3612542.989650
0.217114 7104338.156013 6019804.599546 8001165.352875 4828048.584174 9115633.737311 11246811.647301 3781947.027772
0.220717 7333880.336991 6237155.631668 8236979.259316 5028211.242415 9401045.775047 11607515.645334 3955342.396266
0.225649 7650018.470923 6544628.967015 8572017.430232 5310164.629410 9769898.014094 12074866.939178 4184352.779502
0.229631 7916543.586510 6800734.714980 8845439.683853 5558544.560467 10074878.102691 12372304.064117 4380910.231925
0.233644 8182548.011659 7058528.133850 9127212.601303 5810047.205496 10400063.386675 12773463.595359 4571577.166994
0.239625 8582933.190402 7452728.089636 9552149.060048 6199062.907454 10905469.525072 13253136.375120 4883308.086863
0.243353 8840215.307431 7698145.733317 9823492.646120 6428264.447687 11238709.293061 13535246.360892 5102242.359199
0.250794 9361726.196836 8210758.766097 10370945.515533 6918654.745017 11899085.440749 14132887.091770 5557516.491078
0.254721 9634864.015803 8485846.953372 10679435.755505 7177911.861581 12241391.304374 14508324.711210 5807748.755257
0.258425 9902417.046102 8742448.028628 10963065.906680 7422387.736698 12602244.608630 14869715.813996 6047832.386759
0.263963 10298841.794985 9129237.675437 11392843.722328 7797602.316893 13102266.095216 15409109.368066 6389988.711330
0.270671 10797697.363770 9614882.660153 11915722.952689 8263304.847223 13782159.986953 15898458.144960 6818747.804952
0.275418 11143817.819843 9963303.102368 12304837.570239 8586661.629072 14265483.763497 16290173.421322 7131662.477898
0.284722 11847475.054858 10648880.842441 13088253.394304 9265332.980936 15133112.671598 16999026.318550 7767847.207947
0.293476 12518741.030453 11303014.945059 13843446.509435 9894849.079334 15966018.545620 17876693.150033 8394126.226267
0.304129 13350737.229471 12097961.572428 14758881.487958 10706514.929821 17034472.701507 18927044.602123 9189082.110559
0.314617 14198167.091958 12873919.029343 15705430.032572 11495358.388202 18118558.480837 20102478.804842 9978820.771079
0.323396 14921915.738137 13567233.451441 16513822.708369 12191954.792560 19062063.803581 21050305.931167 10666954.206477
0.335350 15924922.518359 14507337.711602 17668686.348864 13118433.495039 20272860.866990 22373781.048238 11576452.275805
0.346885 16887826.720826 15401280.961077 18783826.113300 14031706.527667 21400590.917473 23647372.399216 12376551.302991
0.358801 17930782.682394 16340251.678562 19985634.704486 15010255.380310 22767188.113191 25013462.982489 13376893.036073
0.382661 20049050.621257 18261807.116600 22454675.116332 16904049.806438 25406076.316581 27647696.948399 15336143.244137
0.403172 21889425.234424 19910413.003544 24586697.322458 18429101.321406 27793136.603139 30200496.264771 16824641.742798
0.431523 24432416.156015 22162741.910666 27569573.480880 20522684.379102 31076108.049384 34001948.916495 18766105.887364
0.457640 26845399.628199 24206926.801228 30377237.808368 22377203.223607 34131102.220942 37289942.179364 19964453.015973
0.503651 30946246.240826 27725258.342428 35101765.837424 25387275.271237 39751794.672484 43680999.250362 20733909.234448
0.561903 35781554.857920 31921077.440150 40876668.788791 28308512.145652 46670401.738257 52310269.797948 21251841.865107
0.674953 44363589.236704 38579689.768593 51398429.294743 31115404.611078 59934666.340489 68066398.101966 22497848.591222
0.781880 51137314.256464 42981969.982073 60181213.856261 32815241.371804 71015707.846832 82871449.732108 23466155.429242
0.908437 57624970.514230 45902642.520466 69759125.201373 34151757.400506 82512037.318533 101017278.265625 23744969.191873
1.147991 66573816.187451 49155489.081457 83963461.723915 35940678.839937 104290211.058683 128099603.605190 24339110.181648
1.640196 74816616.791299 53066079.328518 104090407.235870 37936098.316646 141731382.864228 170590629.459125 25228091.269934
