0.033308 20816.855126 12297.931500 53231.688342 8748.741979 172145.462955 267203.867953 6679.597669
0.044104 45203.415497 27633.513722 106864.322788 19962.259526 307052.730333 486565.322094 15387.696801
0.052997 74707.364497 46909.700380 167669.148228 34303.448777 443783.709990 707706.934505 26546.712347
0.062901 119086.753896 76588.243506 253467.492407 56621.958774 625970.189543 980482.587896 44123.104074
0.074972 191743.834876 126409.398135 388362.997404 94310.592133 887151.642321 1364512.556127 74210.882807
0.083251 254442.851521 170523.519969 500124.210839 127950.690024 1091914.317377 1658863.780792 101164.552716
0.093785 351669.800200 238864.664397 665355.166806 180903.136120 1382222.616800 2067742.129400 143011.806143
0.104824 474358.951049 326873.270985 868997.896943 249151.861709 1714993.529578 2535530.482666 198325.119201
0.109590 534485.759630 370854.712945 965475.134647 283862.496705 1873485.917582 2749958.089815 226013.971493
0.116740 632136.837781 443806.857720 1120953.782761 341312.094403 2118380.366095 3084584.896564 272106.392450
0.124875 757287.361105 537106.927079 1318552.671992 414850.472235 2413859.580762 3483536.139617 331547.093674
0.130329 849176.796879 605505.122006 1461328.237641 469178.031209 2625264.522006 3761478.906049 375784.482643
0.137431 979909.456694 702676.527851 1659812.574607 545726.097718 2912545.741869 4135552.986437 438920.101716
0.145548 1141247.133580 825760.512250 1908740.268829 641934.243710 3252673.708064 4579316.379976 519087.579016
0.151625 1270980.580426 925407.336994 2109130.201243 721115.345774 3519195.973614 4922466.401735 585109.253455
0.159361 1448356.609949 1062230.247094 2369841.284182 833499.695066 3878296.289414 5372307.658896 677751.614680
0.165035 1587129.886265 1170465.595170 2572533.109677 921682.444501 4149644.197194 5711200.604978 750660.412664
0.173639 1815765.229158 1348376.054491 2899940.099428 1066513.920152 4577339.851453 6239007.700809 869965.865870
0.181777 2048956.722182 1528469.113564 3230571.166490 1214477.438758 4997535.123544 6753067.166198 993525.753982
0.188058 2242221.801872 1677619.044489 3495274.138047 1335492.997783 5330694.221341 7159298.852773 1096276.333804
0.194426 2445437.394226 1838540.282420 3773541.272289 1471943.407188 5682991.325595 7579283.775587 1207226.876208
0.200717 2660321.255827 2007585.950764 4065925.975018 1610201.889252 6043340.006145 8001963.574522 1323720.949980
0.206311 2855636.582651 2166537.992753 4331430.397008 1744059.385135 6374614.310729 8384099.074736 1433203.436470
0.214419 3154089.161881 2409320.829859 4733799.211611 1947701.021745 6855369.709829 8957222.270938 1602005.454168
0.219484 3347609.199370 2568997.121030 4993797.862352 2083546.334910 7166022.531514 9311475.283640 1713679.012929
0.224193 3536169.786070 2720459.750201 5242641.778848 2213825.113794 7455208.825526 9653603.352654 1821893.592775
0.230968 3821937.018469 2949612.685937 5617006.241052 2408989.445519 7893569.660520 10152854.097101 1985156.096226
0.236732 4074001.288027 3151505.089329 5960654.954527 2585352.625615 8271985.687801 10583948.559570 2130475.103949
0.245224 4454757.568822 3466469.092769 6472675.896371 2857290.565539 8836971.758557 11229350.692489 2356764.306671
0.252547 4805367.917596 3753295.249704 6928537.578087 3103195.416284 9346277.449800 11795408.726310 2564683.423023
0.259165 5142930.783020 4026375.683835 7348426.321299 3332155.380670 9803012.259454 12314274.777029 2762327.013078
0.271150 5773555.774430 4549468.712373 8125197.906391 3772422.129383 10691154.398054 13270862.503466 3144384.868972
0.279930 6261162.324973 4966399.852903 8717484.978023 4109490.596945 11357389.283998 13984899.839162 3447951.609361
0.287490 6700663.787799 5337058.607573 9232271.785059 4421815.002445 11940123.805147 14608304.805617 3719632.904249
0.293673 7080649.593740 5648225.711671 9691331.683757 4688919.120857 12426585.091431 15123856.613713 3949663.946489
0.301496 7570934.125525 6059506.290912 10285616.056899 5039447.967580 13048186.611457 15783249.382264 4256993.159348
0.308960 8057409.820578 6466132.740905 10836583.942570 5386905.617408 13645596.868081 16419519.298049 4565070.475032
0.315974 8532907.843420 6867758.362496 11386228.651434 5722695.392072 14232222.053576 17023555.955389 4871083.393844
0.325504 9196589.215830 7431207.710417 12161776.476403 6202348.958175 15040527.479771 17853417.778642 5306876.103583
0.333134 9747974.483348 7898215.738498 12794760.871980 6602857.322308 15695864.007253 18525136.051591 5668758.759150
0.345435 10667994.832995 8690693.755123 13854591.709747 7288800.739852 16805215.199802 19621112.559237 6284431.647641
0.353601 11307907.730978 9238611.177564 14557653.582193 7762251.112777 17546644.868604 20357164.022600 6715562.243099
0.362037 11986518.507647 9842540.444879 15280084.085294 8273021.757688 18350789.739983 21124334.490008 7180098.433069
0.371794 12799027.210180 10548787.409664 16163372.379328 8881225.372943 19298861.081169 22019865.438904 7731458.850659
0.382262 13704104.745594 11353328.763720 17169676.939876 9567700.774974 20318856.184177 22990010.823992 8336831.078885
0.393602 14723988.281528 12235109.840477 18239229.746539 10365436.563303 21442220.502483 24118944.996399 9045920.526946
0.406955 15985111.896152 13330327.533551 19583668.773557 11314279.195588 22798294.876001 25465106.748321 9932087.472087
0.419713 17237114.420680 14427672.944860 20921903.281086 12288128.062242 24120453.761527 26698565.520474 10827048.834239
0.433575 18644478.451715 15678677.834176 22440779.016170 13384923.671391 25625975.818451 28277372.383864 11826016.962410
0.445560 19897191.850696 16795905.067782 23767156.761819 14366082.651921 26984412.515168 29372219.339959 12725155.604114
0.463272 21862944.092476 18534972.787098 25836806.676190 15918511.155172 29151381.665392 31459645.272281 14105304.044096
0.476386 23387287.828483 19901602.518101 27407826.265511 17136233.200475 30696986.251002 33160347.951293 15180834.701416
0.492508 25275773.902860 21630617.388978 29427194.956537 18679499.112275 32733494.035522 35282631.411502 16566212.792199
0.510686 27523622.675753 23675023.925975 31782857.565239 20513243.778689 35152692.383234 38117401.923521 18212483.506366
0.526565 29541676.880231 25536892.546789 33937811.649739 22226383.138093 37449746.131296 40824467.330633 19804890.933476
0.549985 32598731.531820 28375777.359209 37227023.750649 24847549.070322 41132562.396186 45016320.623982 22203053.662544
0.575482 36027217.821160 31651126.492254 40957914.625674 27883767.294791 45463078.193802 49823758.670068 24889992.794392
0.593654 38624680.274163 34082984.080496 43752194.304154 30181101.643287 48743444.480949 53519757.035232 26909217.007117
0.628214 43639929.307971 38933843.085218 49410474.494458 34704954.246438 55420811.550322 60718630.179059 31049621.105464
0.658414 48265335.298089 43395786.745292 54686529.534153 38915377.485778 61672233.205358 67187605.963857 34968484.533108
0.692768 53807603.243689 48555980.517819 61125907.513172 44095999.586726 69368922.078563 75292978.843689 39735504.947792
0.733030 60651001.022983 54676695.390997 69111485.340264 50189542.647738 78346557.409406 83931995.414998 45739507.345901
0.781560 69448289.391952 62376145.268390 79550751.004010 57774338.333944 88964134.757992 94912647.348606 53223741.742542
0.838537 80438944.028552 71930573.276281 92686335.492673 66454359.208386 101399904.451324 107516408.217846 61386495.906792
0.906836 94158581.728743 83724322.063151 108020304.238180 76597336.040300 117080082.501383 122909527.409148 67831033.567700
0.981006 109826410.656481 96477053.612408 124152822.298865 87365038.201278 134565334.312917 139995918.540167 74882400.507661
1.065839 127305128.752608 111235272.739978 143006145.825008 98816284.288620 154297777.988684 162464066.770849 81283747.548630
1.190543 150957243.585146 130282857.239476 170646432.147257 112995256.712401 184229117.252701 194986945.467046 91964312.658400
1.350033 179487019.968222 149922871.588567 204733095.524555 125645912.437642 224792488.348848 241425013.039933 105146237.456398
1.621688 218342357.568031 173584474.058879 259461622.743455 141165976.683493 292476109.928589 321804544.414438 113684416.301775
