0.015998 21151.176108 8673.225790 44023.425882 4950.685293 58007.724627 70229.654835 3367.353713
0.023035 52158.820118 24013.952558 96436.916838 14324.044401 122396.534889 149237.032614 9932.809535
0.027616 81445.681067 39844.461226 142925.306053 24308.761445 177478.560857 217830.256696 16990.455096
0.031458 111776.342603 56870.642229 188754.936186 35390.692648 231441.906326 287928.590324 24963.788768
0.034215 136512.898978 71256.146368 226401.998962 45090.368112 275181.150123 341564.348535 31983.226107
0.038262 178809.742274 96316.366264 287430.603298 62067.767648 345878.113078 426196.183442 44184.607323
0.041782 221360.829700 122484.328440 345506.844806 79473.087281 413831.575934 508303.405314 56884.639794
0.044063 250929.913456 141655.570113 385973.975312 92109.942724 460900.777129 567212.399290 66253.803450
0.048086 308531.323412 179158.479130 463345.336029 118516.444909 549469.916894 673812.809196 85300.158801
0.051145 356575.002763 211368.771367 527639.081789 141425.050054 622595.560416 759648.306934 102322.910808
0.053568 397539.479115 239538.575059 580342.874007 161300.899739 683580.326899 830838.906310 117276.317062
0.056690 455028.823715 278026.440392 652720.516900 189169.183835 768591.833303 926677.485572 138552.855106
0.059926 517275.941039 322677.881195 731071.924311 221065.232826 858919.721392 1030830.346347 163105.679850
0.062683 574294.924894 363690.058355 803177.756100 250833.852986 941309.489692 1123802.634651 186122.313701
0.065232 629899.607762 404580.151799 872945.985153 281163.246170 1017273.764296 1212786.195377 209188.359767
0.067145 674476.019216 436418.172065 926530.703646 304928.558523 1078255.620900 1281393.196141 227662.083563
0.069452 728897.679647 476282.880021 992965.838690 334232.269908 1154452.844626 1366335.407873 251304.548333
0.071307 774231.085238 510430.768533 1048551.008596 359878.763794 1214296.775169 1436369.683854 271422.767053
0.073338 825439.119212 549276.130762 1111795.942695 390059.928111 1284683.002074 1514806.805458 294609.340403
0.075596 885429.849125 594020.260667 1182244.350001 424558.437230 1363628.708436 1604149.564713 321842.556051
0.077113 926715.729988 625840.712711 1230967.046902 448083.664516 1417826.750413 1665427.466055 340923.577172
0.078345 961590.683733 651954.436152 1271268.245949 467846.026778 1461695.402499 1715929.625319 356800.491053
0.080212 1015361.809286 692140.676618 1333393.442675 499500.280506 1531863.576728 1793711.705114 381744.699627
0.082302 1077472.709714 741278.736735 1405117.953825 536310.616239 1611927.892522 1882557.552948 410951.717770
0.084469 1142572.245296 793992.879804 1482850.472272 575471.122618 1695196.394203 1976636.904004 442691.995875
0.085820 1184551.247731 827588.322919 1531907.593422 600868.273017 1749048.936885 2036291.555335 463242.873987
0.087805 1249422.932050 878901.379543 1605158.991282 638444.209096 1829312.088849 2125325.122257 494516.355257
0.089367 1300711.757173 919787.874698 1664435.985673 669320.122470 1896543.177212 2196535.321759 520039.418239
0.090897 1350851.510552 960600.555175 1723687.508138 701032.414325 1962272.274762 2267260.730149 545830.033417
0.092549 1407416.944507 1006382.190488 1788538.774446 735936.051219 2031617.170962 2344700.286898 574565.722349
0.094439 1473884.629810 1059544.067548 1863704.636571 776133.047670 2111416.896486 2434654.413688 608586.598642
0.096164 1534882.636851 1109206.594301 1932398.852585 814845.575322 2185942.790952 2518010.315103 640281.977118
0.098246 1611035.656768 1170608.079730 2017299.709475 863654.829326 2277838.361082 2620198.529930 677832.034001
0.101244 1722417.883195 1266172.472914 2141986.274411 937993.570708 2416576.101491 2770352.527563 733788.868123
0.102222 1759583.348606 1297989.966351 2184948.045949 963178.552105 2462412.116114 2820096.018110 752630.098026
0.104189 1837135.931942 1362514.009600 2270849.688958 1014266.922334 2557361.341360 2921265.322080 791408.067812
0.106627 1934835.980869 1444607.034195 2379379.894954 1077540.786788 2675353.883637 3048724.215402 841124.260699
0.109263 2042683.477711 1536803.988846 2498249.809854 1149526.710120 2802602.360541 3189078.060793 896960.008607
0.111189 2123643.052858 1607058.907942 2586286.303274 1205076.057929 2898037.017185 3293280.923644 939139.173842
0.112691 2187057.976098 1661891.573063 2654352.555699 1249419.741263 2973653.586663 3375503.647668 972850.464359
0.114827 2278317.086690 1738355.972724 2755256.376688 1313633.849277 3083061.391770 3495414.403534 1023323.181059
0.116839 2368765.349607 1814715.079299 2852541.247240 1375834.902058 3188997.348514 3612253.232701 1074812.104007
0.119179 2476198.060589 1905747.618745 2967879.510569 1450276.881127 3310915.353117 3750140.135791 1136674.681351
0.121138 2566581.448098 1985209.774942 3066394.688408 1515303.238649 3416259.011901 3867222.285878 1190118.187202
0.123542 2678781.977320 2083323.650729 3186131.813277 1600330.998699 3548352.691465 4012939.094501 1257267.601736
0.126034 2798874.927431 2188317.420330 3313833.481199 1689613.648165 3691372.073522 4166347.775532 1325834.117398
0.127874 2887507.461239 2266261.569114 3410656.062734 1755434.297415 3794235.461784 4281150.585019 1378643.176355
0.128966 2941550.869669 2312699.171033 3468992.325917 1794179.704165 3855847.709083 4349895.878402 1411373.695434
0.131406 3064235.626355 2419446.069540 3599610.879468 1882474.137503 3996980.035281 4505143.044663 1486202.900717
0.133126 3149388.689484 2496616.885898 3692726.523994 1949714.020532 4096503.172515 4615935.281808 1540367.532084
0.134991 3244773.355956 2582769.281569 3793899.708590 2023748.718338 4205230.300654 4737327.589816 1600430.884829
0.136896 3343624.261798 2671504.067349 3900606.467681 2099286.203515 4322395.387426 4862670.271497 1663222.516830
0.138388 3422446.469680 2743248.853494 3984721.283109 2160649.271934 4411452.307789 4961784.822452 1713423.053928
0.139978 3505652.750625 2819877.032333 4075113.718726 2224833.920887 4509020.553353 5068319.950954 1767914.181782
0.141623 3594977.271557 2900945.061660 4169597.624873 2293537.062099 4611553.238940 5179524.552515 1825373.932690
0.144915 3775768.647471 3066720.114029 4362466.813441 2433696.257713 4816129.397919 5405056.770687 1943693.816266
0.146616 3868645.498508 3153174.003514 4462825.652260 2509299.837936 4922820.036218 5522709.087177 2006581.602088
0.148639 3982434.454672 3259046.945220 4584547.760428 2599820.930566 5053984.334697 5658057.730358 2082936.879739
0.151337 4136415.793572 3405877.372725 4748671.442543 2727538.413424 5228940.132839 5840447.371996 2187425.459155
0.153609 4267207.965614 3530156.869398 4889850.161782 2834211.692283 5383617.684041 5995685.114290 2277783.817436
0.155661 4386857.215993 3640606.102862 5018590.210796 2929879.799458 5520444.651513 6137168.919104 2361263.194432
0.157533 4498313.693606 3744493.145325 5136976.979259 3019034.112077 5648936.141052 6267288.359232 2438975.217497
0.159667 4623926.235300 3866250.153881 5272816.363646 3124767.702130 5794694.130232 6416823.964353 2529381.151811
0.161807 4753008.789482 3989223.879496 5411400.276560 3232385.306904 5939773.985392 6568055.406977 2621993.530180
0.164474 4920469.581445 4143373.718481 5585632.937297 3366896.453892 6127019.100350 6758295.421440 2740160.717222
0.166482 5047084.311943 4261600.027506 5719870.684416 3472821.731646 6269793.539159 6904732.493863 2831149.404839
0.168489 5178709.512633 4380689.394721 5855059.474298 3579037.565884 6414491.458789 7062849.470362 2923832.851427
0.169911 5270697.016450 4467351.578826 5949743.307380 3655385.284546 6516488.756780 7175700.556186 2990556.753146
0.171570 5377700.096748 4572960.061588 6063299.891461 3745603.508793 6637447.693244 7308214.340910 3069510.748982
0.175210 5620683.450474 4802856.693735 6314088.009420 3947881.771105 6905268.292337 7602148.313449 3243682.058054
0.177422 5768471.774125 4944531.636132 6470790.998504 4075520.038678 7068923.019136 7782880.848832 3347863.925610
0.180388 5969509.464292 5136357.383826 6679264.746555 4251257.518899 7295756.776820 8027354.377916 3499481.609864
0.183045 6154007.790747 5310194.757979 6870187.261729 4404836.492671 7499998.624134 8237128.885081 3641291.392865
0.185464 6321706.002881 5469946.966249 7048489.471481 4552511.860948 7686375.161878 8434302.497517 3770131.085660
0.187697 6484318.730317 5620491.231189 7208859.320285 4691631.136277 7856110.987683 8623058.239136 3887194.783505
0.190263 6666420.967870 5793580.635258 7404476.034766 4853163.892121 8055174.331780 8841820.494695 4029674.357646
0.192043 6795240.909640 5917959.348852 7535769.990763 4966806.282497 8200870.837692 8994729.059448 4131919.011525
0.194671 6987293.245907 6101425.317987 7739624.198043 5141076.833302 8405866.268791 9222197.900559 4285634.544699
0.196533 7123079.905368 6235335.817280 7883813.146925 5263015.867233 8562052.292662 9377918.083220 4396544.519353
0.199734 7360372.449038 6466641.607734 8129867.865152 5478503.606852 8819173.525820 9645369.126280 4591100.931185
0.201723 7506391.432081 6608370.168558 8287392.338014 5612628.895928 8978393.500260 9814274.856364 4714476.996018
0.204102 7687318.076281 6784666.088614 8475086.649487 5783970.488044 9177994.891422 10025824.861778 4862141.169629
0.207424 7936265.085802 7026891.100111 8742202.222761 6008738.259998 9455775.306961 10323689.872376 5069936.200698
0.210211 8146667.527122 7239629.959762 8968675.728273 6200587.205797 9694942.739287 10575768.903351 5245465.507840
0.212151 8301975.897313 7385489.099810 9128133.835550 6342641.077946 9867477.020093 10752401.550730 5369595.244933
0.213781 8430036.846263 7509191.279278 9266755.569883 6466360.001916 10007733.139817 10901540.959899 5475124.361970
0.216578 8653491.350340 7732624.202869 9496749.781836 6676407.841841 10251215.904884 11158999.866041 5658833.494584
0.219051 8857411.549015 7923088.577014 9708001.249070 6866153.478008 10470637.902436 11388243.884769 5824025.277256
0.222077 9108186.084400 8158690.889601 9965569.713514 7105481.709901 10743799.447634 11670781.322839 6019452.415268
0.224485 9305607.423323 8346454.087547 10173169.077073 7287678.386996 10956334.816133 11897196.382349 6172734.252227
0.228031 9601714.818050 8627069.422437 10483364.903696 7556321.711965 11280905.059803 12233132.769662 6428542.134990
0.231210 9867345.846178 8884317.715702 10761521.860931 7813550.963485 11566889.519430 12536821.641788 6662608.611097
0.234054 10112473.182944 9122733.216865 11012572.128902 8047487.097921 11824824.421579 12810502.905766 6875791.955763
0.235872 10268474.431680 9267058.617231 11173830.955594 8183173.595325 11999778.757534 12986428.168861 7013934.376088
0.238864 10531252.572133 9521834.665347 11442834.267500 8427241.023388 12282289.110076 13277602.745658 7240847.259436
0.241552 10763363.322437 9750292.460998 11684458.281694 8651624.228985 12538897.830663 13540919.306083 7445797.381903
0.246423 11197169.290728 10175230.827939 12143770.964641 9064440.837759 13020483.262749 14022191.516279 7824895.032851
0.248903 11423120.976968 10388857.042160 12373053.796953 9273253.488011 13265197.843842 14275716.556635 8021709.516885
0.252559 11753478.007906 10702659.356991 12718434.507119 9590005.100538 13634453.007058 14682253.749829 8316514.956305
0.256291 12097444.936946 11030128.505638 13078907.091077 9902518.107306 14018036.967908 15092297.960690 8623160.491337
0.260825 12515766.251209 11432386.301738 13518359.665131 10288998.255383 14473225.462938 15561427.153187 9003433.832896
0.264088 12815916.057499 11721628.189659 13837286.912043 10567053.830318 14803698.547715 15901939.754354 9282330.587710
0.268380 13229416.655004 12119444.736836 14262736.567470 10941544.054441 15242988.574188 16396726.792827 9655803.414663
0.272983 13675050.056446 12552050.500973 14726830.531768 11359460.952937 15732785.448272 16887640.087190 10064658.476237
0.275700 13937199.978556 12804868.270340 15004963.473879 11598616.877772 16025357.011751 17178147.357092 10310012.007845
0.279878 14345568.470555 13206540.489586 15428832.459536 11981800.331502 16478079.086692 17605531.442010 10681860.883649
0.284358 14788190.023841 13634044.078039 15893459.130527 12392128.955693 16972105.923185 18113767.464109 11076321.655883
0.289274 15278085.601106 14119439.928836 16406936.598072 12858602.106641 17520383.264145 18647054.490500 11531450.330111
0.295721 15931948.913975 14750722.334748 17091769.379667 13487486.198321 18252482.140346 19366815.484524 12103729.715332
0.299291 16297962.871782 15111230.171849 17479250.208474 13828606.713251 18645640.919904 19761981.230931 12436748.676238
0.305970 17001910.693627 15782434.615460 18215144.365340 14490351.198566 19399219.786338 20566944.184381 13072192.738642
0.310549 17490638.336363 16242047.429385 18725489.215458 14957951.902612 19930830.956569 21108961.708059 13517160.132676
0.314988 17971506.359005 16697899.422181 19222319.038633 15409174.853656 20439870.491162 21673528.610044 13955735.972181
0.321131 18638257.288935 17341597.926468 19917343.319438 16049505.430879 21161304.898863 22434626.344006 14568911.756044
0.324967 19053237.569867 17748569.360319 20360796.480504 16443654.446074 21631428.387536 22913455.785419 14921536.303913
0.329585 19578778.895186 18251020.464438 20887624.922435 16909329.598157 22193661.926609 23542268.768393 15351364.398297
0.335582 20248950.255700 18892264.607310 21586423.285501 17529617.143937 22921915.372657 24388488.873606 15918189.283631
0.345331 21348944.109072 19962611.991443 22750799.150931 18607496.623656 24118814.112634 25740374.511669 16860396.404745
0.351798 22099071.368842 20687943.324928 23548577.712476 19284875.637878 24941177.875963 26640910.543728 17519831.544298
0.356879 22695633.050213 21255439.857975 24178709.693001 19848341.464465 25597655.673743 27338378.390617 18102593.662329
0.364916 23651083.133946 22175594.452798 25182998.772152 20729407.913697 26606855.938317 28475824.655775 19022468.534804
0.373225 24655606.123112 23139521.886943 26246134.002070 21662723.459859 27709139.038210 29690198.799304 19893784.964753
0.380567 25553514.888033 23994970.274329 27179770.085150 22492516.465992 28683311.351774 30832371.786563 20678125.207097
0.387184 26360972.382060 24759121.008249 28040740.505499 23219693.178891 29562051.318729 31878912.775318 21420229.510511
0.397325 27611675.719462 25964992.042277 29387274.132113 24380999.645196 30959638.407596 33446779.248036 22508453.979912
0.406939 28818347.636142 27112622.650879 30672622.688828 25502940.175019 32318867.299183 34851087.187338 23520623.023281
0.417342 30152027.613336 28394616.940796 32086628.479624 26729269.549579 33834315.462088 36434110.220667 24743338.661232
0.425856 31257664.403084 29461317.717891 33282826.088463 27731462.259296 35103689.569373 37790914.218945 25794782.894579
0.438174 32897311.477239 31002792.650189 35020335.960687 29251088.166394 36935189.434140 39784439.232248 27287791.143198
0.446743 34033434.089383 32077648.706247 36237330.723560 30281199.837539 38241626.678580 41192166.105020 28337849.560260
0.456205 35309282.159614 33283614.317879 37582098.972594 31452390.349770 39712206.824463 42767964.722704 29505947.634683
0.469084 37067782.804006 34958853.497326 39440212.534741 33088152.481680 41737352.791223 44941253.591755 31153811.523961
0.481478 38792693.010972 36579353.799070 41275661.003432 34677556.360558 43674397.134285 47060129.559175 32763831.863696
0.496785 40953662.851292 38625854.005108 43607589.753366 36675518.896559 46246686.781959 49699424.700774 34727419.997933
0.513169 43317011.551958 40862114.085676 46143022.559041 38816244.515212 49012521.842900 52554574.412979 36954802.813127
0.528870 45607402.606964 43025541.574721 48636983.215773 40925085.882814 51709483.445280 55317802.884457 39173644.776800
0.547672 48376011.549110 45663260.427912 51643557.115060 43435372.716464 54983316.521586 58841300.556933 41601636.178042
0.567282 51345395.243089 48454776.817548 54781888.730975 46067342.452921 58499776.353493 62369907.783140 44168669.685065
0.586772 54346945.423783 51313435.595701 57991836.235731 48748438.523605 62021219.878374 65921306.479578 46771651.123637
0.609862 57936416.582876 54691625.919968 61885301.245511 51961677.539392 66378269.031408 70324555.825807 49912422.687328
0.637937 62404606.485648 58851665.405538 66678717.839070 55961521.852870 71615696.863952 76214032.533914 53815453.602651
0.664889 66715023.920952 62899949.724739 71397873.336009 59793946.945337 76686900.854615 81747393.128604 57641480.876867
0.698979 72320948.855099 68087593.128633 77528971.889791 64754829.381933 83391960.538936 88694253.414769 62273592.463785
0.740907 79318939.688854 74644266.678790 85111730.223145 70871759.373914 91757535.520185 97902033.516547 68008591.535104
0.781927 86264667.496136 81170651.972248 92604300.550307 76956722.872264 99997110.062485 106991170.327772 73212973.403085
0.826119 93875412.835630 88263005.550623 100789591.322042 83558589.029285 108722992.026114 116413343.754775 79076518.589109
0.884085 103921425.325780 97514572.602959 111507776.449975 92173488.146415 120464929.756106 129175012.533121 85068413.372883
0.948687 114960838.052975 107623782.981076 123268464.737120 101440115.373292 132712250.381195 141997658.254330 92092001.210437
1.030736 128794741.000655 119764102.860656 138476588.553965 111020146.260137 148382673.145541 159163867.611492 99833565.469146
1.141983 146660059.507148 135102452.898011 158398099.345781 120258819.977364 170624527.013879 184079609.909734 104285150.348476
1.292162 169242171.182489 150251284.241095 184861172.469580 129329207.142750 200369107.104112 220500722.860722 109066915.363057
1.524671 198290135.172843 166124334.077767 224562737.751702 138360738.521324 246947461.065579 279024521.510580 114750696.860483
1.951984 233943877.714484 183968111.467922 284090730.113489 148767768.800747 329906427.480957 374371405.856219 120770447.960507
