0.010000 328.760660 224.438385 581.071135 188.166167 2201.348749
0.039098 15223.227729 11490.636026 24185.294297 9997.807657 92083.768995
0.068196 71938.167715 56439.683763 111871.181640 49837.909775 427931.984366
0.097294 192698.993461 154730.954872 296719.009772 138213.391815 1092499.083401
0.126391 397044.104198 322803.400446 607812.245171 290646.721842 2143210.797915
0.155489 699755.541164 576448.679654 1068224.636821 522383.403226 3612389.597457
0.184587 1118139.852372 929100.181401 1697505.302785 845338.472481 5533820.703154
0.213685 1664928.300130 1392921.960191 2520344.955714 1270949.512242 7786221.809991
0.242783 2353311.281195 1979145.278603 3551119.479564 1810893.234813 10258216.626970
0.271881 3194111.354801 2698204.398377 4802961.236087 2475452.969931 13193626.434063
0.300979 4197065.924984 3556418.459565 6283860.289249 3271632.493074 16443711.639383
0.330077 5375018.473434 4562022.948031 8004699.339728 4206839.580468 19915501.494481
0.359174 6725966.162621 5725306.476145 9991899.895911 5286920.528540 23752980.551093
0.388272 8269910.453613 7053934.308722 12236602.051845 6518945.270310 27816456.083734
0.417370 10001750.404353 8552636.162999 14755553.534825 7909494.143546 32334751.588855
0.446468 11939424.350824 10227376.808146 17538710.408181 9468362.300660 36935978.084311
0.475566 14078244.526512 12088205.278583 20607283.667431 11194529.869172 41919158.264739
0.504664 16425993.381293 14131596.475522 23954691.768068 13095684.236431 47061780.126976
0.533762 18981105.320651 16367717.056924 27572469.213085 15173185.488879 52372766.494330
0.562860 21770083.555599 18800492.755093 31488012.501214 17424770.437250 58209910.479093
0.591957 24776958.851615 21422984.036212 35692093.273440 19871403.431931 64064519.109026
0.621055 28003865.792701 24249180.087920 40113565.423192 22487927.015712 70045319.981935
0.650153 31456241.327726 27264547.950205 44834809.665553 25304515.976294 76429844.968021
0.679251 35144937.121501 30492018.720720 49748372.790639 28297323.953646 82760805.298944
0.708349 39047369.255293 33922985.005395 54961414.090499 31498897.956497 89701728.647418
0.737447 43199385.478782 37555434.623791 60439957.805549 34891526.378366 96699378.319095
0.766545 47577585.644343 41398116.855629 66106764.594903 38489997.921447 103860660.273595
0.795643 52182905.648918 45461515.074976 72108904.490088 42281628.084508 110959463.715054
0.824740 57014611.261088 49728725.121680 78292868.437720 46264078.216333 118306863.050937
0.853838 62052300.604161 54212025.051570 84659967.488096 50452900.369989 125603136.602446
0.882936 67299555.395037 58895644.711176 91273593.441098 54829126.982010 133052435.128052
0.912034 72799713.904660 63807270.099981 98134974.860370 59409002.976425 141106870.826845
0.941132 78492680.810984 68936365.333510 105244224.813830 64187986.406477 148918914.987632
0.970230 84427862.600244 74259091.252125 112539872.895106 69144574.870099 156773654.453287
0.999328 90606584.250329 79803105.753791 120060828.492322 74322352.905105 165040705.273300
1.028426 96999087.042566 85553609.905410 127682776.812575 79691006.688939 173070362.267601
1.057523 103622523.563702 91523191.126845 135566143.554059 85240358.117833 181637512.743377
1.086621 110418534.753213 97693900.157078 143648582.536748 91000427.937543 190072017.798997
1.115719 117429571.762589 104064441.395186 151870960.559665 96954062.569824 198455807.544963
1.144817 124622081.872018 110637119.683836 160146874.604970 103084006.711104 207122054.377491
1.173915 132066949.004801 117405980.178571 168745254.148137 109387361.991501 215757777.214668
1.203013 139675442.834486 124415378.704910 177307177.490808 115894021.098503 224577943.980554
1.232111 147530669.089633 131637302.901106 186069607.248780 122643240.726025 233050427.788460
1.261209 155574147.023826 139038611.158352 195027858.660278 129510825.763462 241939657.499355
1.290306 163795878.548224 146624962.538529 204050338.558041 136624435.715732 250565125.907132
1.319404 172142801.531535 154441306.514970 213276661.935919 143942126.393986 259545716.966039
1.348502 180700297.592039 162391530.838445 222375597.760436 151422466.917170 268660400.261051
1.377600 189405726.405771 170555362.794602 231623675.149790 159099965.726217 277853974.782965
1.377600 189405726.405771 170555362.794602 231623675.149790 159099965.726217 277853974.782965
3.491617 1062369569.045838 964516486.842400 1150921093.758359 884491396.931801 1229779907.004904
5.605635 1955635669.667644 1638410917.702279 2281612319.189757 1418364475.967002 2546914874.718941
7.719652 2705839156.141292 2202359799.742644 3290486929.390935 1848710447.908616 3785258339.045580
9.833670 3358299864.824347 2681021272.610501 4166612351.529883 2208701327.994063 4903488464.892702
11.947687 3936055681.669706 3098197384.128664 4950295958.890825 2517120845.846906 5920158060.680083
14.061704 4451465927.849585 3467952250.645893 5663330972.174850 2789329425.025758 6857583713.841889
16.175722 4920050595.654118 3799963626.936099 6306493436.001374 3027541551.242640 7752273932.048990
18.289739 5346403928.167781 4096451999.177643 6906686037.987317 3241785080.947631 8570850556.484573
20.403757 5735574346.220183 4368598001.102363 7467273715.806009 3438536576.357258 9338973651.299425
22.517774 6098283498.780331 4616852858.904654 8002339333.595838 3616823191.444635 10070030494.452187
24.631791 6441270810.270176 4848173656.127302 8496167797.630712 3782536254.101479 10771983691.268631
26.745809 6753732405.815823 5059626045.486627 8960579041.455153 3936738587.832411 11401867219.073559
28.859826 7046485949.587306 5258341105.060965 9392143561.612083 4079347758.711933 12009398555.524157
30.973843 7318146030.404693 5447980889.688359 9804195065.637192 4213850970.535662 12610686162.104958
33.087861 7579369984.900829 5624825505.523232 10184869364.576895 4338478694.509281 13166430394.252483
35.201878 7825915031.387259 5794563529.909807 10551184225.223755 4456107680.120401 13711501761.335012
37.315896 8061969741.925477 5951395066.322111 10906584385.361250 4569014542.484325 14216398765.987358
39.429913 8284400853.153379 6101738352.000225 11240802127.570101 4678378258.371416 14710726644.375578
41.543930 8500389029.866409 6244821324.424264 11556237023.119036 4779352859.230660 15185485091.612751
43.657948 8704652320.860151 6384736632.153285 11878107315.432318 4879414177.100073 15719475881.465965
45.771965 8899312521.760031 6514958296.224474 12177279483.264679 4971560776.883071 16176570641.106333
47.885983 9087976872.676807 6642771849.306046 12466841184.010807 5059837209.141413 16598155498.348440
50.000000 9269641642.269949 6762921686.602181 12735412229.894325 5148460088.185321 17021423006.927444
