0.010000 581.170694 377.850817 970.064812 248.433350 2649.925779
0.017533 2848.069627 1878.897218 4565.495387 1237.416375 12321.471863
0.025067 7781.475804 5189.253438 12297.495059 3389.819571 32058.350409
0.032600 16268.874565 10896.296897 25395.534474 7106.421597 63154.002918
0.040134 29094.931934 19571.090425 45168.251748 12652.854755 105500.036589
0.047667 47078.048543 31625.671926 72576.271136 20341.944491 161292.572859
0.055201 70865.118577 47633.952918 108502.386897 30540.660552 228459.688248
0.062734 101079.461313 68113.975624 154055.958560 43440.170379 305287.017610
0.070268 138338.008244 92977.268541 209933.895986 59310.648297 396865.816791
0.077801 183213.965018 123078.499079 276849.400881 78305.840930 504094.462668
0.085335 236269.139420 158509.851344 355646.371065 100953.877263 622020.898373
0.092868 298160.538784 199994.905954 445064.535442 126766.376262 756403.564314
0.100402 369063.271151 247435.947161 548193.130143 156194.484649 906615.949023
0.107935 448881.998947 301002.156487 664694.700003 189815.418932 1063219.957814
0.115468 538757.780837 361285.156838 794576.252693 227389.308871 1242478.232802
0.123002 639018.560806 427797.353042 936953.553531 268187.127768 1433457.212107
0.130535 749163.366141 502177.384029 1094277.102194 314074.910497 1637940.060003
0.138069 870654.950025 583514.473226 1265936.265221 364349.623861 1858430.188782
0.145602 1001095.448278 671824.040679 1450087.271762 417949.806658 2098720.679775
0.153136 1140964.673588 767901.927017 1650359.470457 476747.780927 2354014.300591
0.160669 1291865.232691 871443.331488 1863921.017289 540559.606597 2640229.803216
0.168203 1454809.641097 981218.960643 2094645.146687 608593.240405 2934844.291813
0.175736 1631699.343642 1100396.839182 2342691.677331 679772.808923 3247424.268036
0.183270 1817980.335433 1226960.664431 2608766.081276 755899.513375 3586343.981812
0.190803 2017452.146783 1360158.971046 2885360.872155 836661.577217 3943743.596600
0.198337 2227672.509071 1502793.315055 3172085.817850 922377.799550 4339075.854723
0.205870 2451249.739447 1652638.568673 3479586.537860 1012347.904243 4766422.305418
0.213404 2685443.503043 1809656.603112 3799855.825331 1107959.685000 5197951.762331
0.220937 2928958.458840 1975663.732797 4143541.024626 1211305.731517 5652429.313151
0.228470 3184815.188134 2146792.363859 4505402.828866 1319594.536889 6135175.139631
0.236004 3448174.783086 2326865.131127 4890436.729081 1428488.338899 6642830.364690
0.243537 3724539.753695 2509529.686347 5283538.215906 1546085.969270 7159198.391600
0.251071 4007499.417772 2703523.995249 5687489.882734 1663928.990500 7721872.669691
0.258604 4303653.742407 2899532.274785 6119305.955048 1788594.485748 8294025.199219
0.266138 4612677.025373 3101968.619785 6558629.121331 1917801.613736 8893660.019124
0.273671 4933973.068609 3322006.758174 7017674.720312 2050955.595691 9521083.681672
0.281205 5266546.884823 3542935.344585 7501265.783381 2185625.936454 10164157.016605
0.288738 5613894.435819 3769977.071796 7992523.229404 2330952.937713 10833867.536478
0.296272 5971047.113994 3999725.145539 8513953.269817 2479783.811165 11542821.770830
0.303805 6331933.108096 4235300.223719 9056678.742336 2628147.702139 12270114.390922
0.311339 6702521.317431 4474732.005820 9592595.279929 2780962.776314 13025613.638157
0.318872 7081587.717382 4715346.929736 10144923.033645 2935968.344574 13813168.871721
0.326405 7471559.751071 4960696.984706 10731835.196658 3088908.812677 14647521.531305
0.333939 7889404.652901 5213930.504730 11332221.747311 3251894.614899 15506593.403571
0.341472 8304868.937246 5477154.897926 11959568.392857 3427681.303986 16364761.482763
0.349006 8734451.611998 5738744.360975 12596315.990228 3593453.986969 17251844.959200
0.356539 9169657.515371 6000921.919488 13268405.217004 3761506.066918 18177668.423484
0.364073 9610599.120013 6278702.984736 13929888.728432 3938599.234340 19115359.325658
0.364073 9610599.120013 6278702.984736 13929888.728432 3938599.234340 19115359.325658
2.522157 246393935.713844 101233468.792399 510973001.239113 54193959.941904 904807312.325850
4.680240 449430293.355788 167014964.756402 1034423553.977104 84418691.619668 2096153560.658633
6.838324 610325133.865551 215835703.199318 1498583305.848932 105723806.485968 3310202787.925358
8.996408 740542940.809791 252877582.111802 1892883037.835253 122021114.611461 4493066320.441895
11.154492 850989251.652815 284520384.447463 2236640839.415285 135997613.174488 5591382062.903878
13.312576 949000680.170171 311310209.414656 2552004103.551573 147336695.179987 6754511819.030283
15.470659 1034894688.570410 336026876.142636 2838433719.278963 156927734.199366 7836341242.006843
17.628743 1112783356.158655 357940642.363053 3104268901.055526 165801286.239555 8918438980.547419
19.786827 1184855386.739836 376500084.064541 3348412116.266780 173449012.991403 10292184637.066755
21.944911 1250647681.340275 394228726.820898 3575635033.020918 179840361.298185 11508120640.034172
24.102995 1314959853.427534 411470431.059225 3797311239.067286 187098318.544776 13113235317.044374
26.261078 1374840357.032469 427307070.738128 4030504335.852640 193083088.381985 15093547629.527782
28.419162 1432106432.022507 440757456.371067 4242420214.787343 198183716.516910 17092117030.004408
30.577246 1483614448.661309 453882039.321495 4431041846.430178 202862623.226958 19475333035.813198
32.735330 1530277387.379227 466580890.872612 4609708549.393448 207360622.046343 22052153107.540154
34.893413 1575573198.882075 479549743.940531 4792570816.817335 211534288.735742 27153569969.063591
37.051497 1621534943.190342 490677925.976308 4969621728.057608 215788706.574219 45902890476.251076
39.209581 1664476301.720713 502705775.440541 5155503745.109556 220304990.605878 nan
41.367665 1707237729.285781 513494549.024592 5343625924.814869 224407085.771973 nan
43.525749 1749902112.161539 524063878.165942 5500024019.535988 228090911.301731 nan
45.683832 1787926169.882372 534189696.324038 5667008727.527069 231749180.576468 nan
47.841916 1830724951.287085 545149928.205031 5858749036.000486 235674608.537323 nan
50.000000 1868580362.433136 555027548.539293 6040424689.082312 240411058.717311 nan
