0.010000 295.458069 215.522435 467.485236 189.466294 615.206498
0.043496 18862.513043 15341.961761 25080.525643 13852.236814 31375.569730
0.076992 93994.683819 79333.008790 117791.328985 72357.475078 145000.075599
0.110488 258224.868701 222613.964040 313070.837501 204212.623543 380708.341303
0.143984 540092.037122 471787.222571 640396.176782 434700.903508 772256.703509
0.177481 964132.427435 851018.853611 1126846.733654 786149.527893 1350716.715180
0.210977 1554005.247861 1381571.988670 1795226.060272 1278362.304552 2140001.387832
0.244473 2327106.386991 2082159.681735 2665404.855044 1929985.040474 3166309.869656
0.277969 3301026.734218 2969911.694070 3761165.502575 2757258.430622 4455075.777317
0.311465 4497322.072135 4057704.000088 5100377.420948 3774406.366587 6041016.279895
0.344961 5924912.168277 5362673.147175 6702659.620040 4995610.110402 7929812.697060
0.378457 7601413.164811 6899021.135216 8583795.146938 6427512.093913 10118818.507059
0.411953 9535388.049305 8677680.400039 10756802.195896 8086418.472033 12648579.688929
0.445449 11741361.528048 10703493.970334 13231267.632517 9977079.981917 15522961.316939
0.478945 14236469.503745 12998691.011308 16015365.777693 12102280.827526 18740925.172101
0.512442 17018432.717462 15562977.109474 19126025.162005 14492732.321327 22340859.634386
0.545938 20096277.469319 18406598.992728 22576673.154088 17141039.513250 26312522.202617
0.579434 23480531.394899 21525731.190872 26363887.412328 20053915.317287 30707483.553184
0.612930 27191024.509542 24940110.654472 30488794.690155 23242320.615276 35463482.482473
0.646426 31228604.689860 28662784.203660 34956985.815765 26705459.371508 40616345.804052
0.679922 35595670.971290 32690839.079022 39798522.735462 30473800.101894 46191128.119223
0.713418 40294492.170479 37026283.130000 45005420.959866 34527225.237935 52166236.150390
0.746914 45336595.533147 41660813.606446 50597242.439588 38857012.614746 58548164.089368
0.780410 50718435.452449 46625832.847768 56539096.269392 43453977.679682 65322725.104207
0.813906 56449717.481017 51904280.683784 62874910.479837 48374603.945488 72514680.285481
0.847403 62532331.217349 57516572.168341 69582656.463194 53592492.249057 80052885.196093
0.880899 68959324.560641 63430611.114040 76665571.439081 59076287.751184 88073141.377738
0.914395 75750383.020175 69695777.486594 84179611.961735 64895297.325770 96392168.348035
0.947891 82907872.916557 76299134.993506 92048983.186007 70998240.896662 105139868.016158
0.981387 90414882.973521 83220022.706578 100291081.236174 77393154.372012 114347110.006825
1.014883 98268041.675852 90477223.184777 108926172.585342 84069842.561679 123862797.153605
1.048379 106449138.310441 98074931.567889 117968140.728759 91073591.466579 133939493.972208
1.081875 114993682.391971 105946063.030739 127363616.726671 98347573.909329 144311077.368636
1.115371 123922089.854668 114188215.583427 137112730.703302 106025739.814733 155079346.926853
1.148868 133159148.624217 122724068.177778 147231086.855160 113984804.983569 166226533.349176
1.182364 142775433.133885 131608332.895502 157772913.551613 122219852.199857 177806671.998975
1.215860 152742403.537124 140829906.914715 168689418.287859 130767327.031063 189619448.824552
1.249356 163057776.456254 150358847.281541 179903568.844150 139636754.133587 201861197.244968
1.282852 173759001.449450 160268099.113135 191542487.153550 148784879.246476 214518301.391982
1.316348 184754323.385483 170462136.521613 203524323.981140 158209655.970835 227422384.815784
1.349844 196104017.810563 181017910.430905 215795849.349511 167958518.391168 240585725.920645
1.383340 207827368.567388 191849141.314994 228410796.697596 178004452.044177 254319435.117797
1.416836 219871208.789499 203025272.057942 241426710.224500 188290486.501249 268234182.331215
1.450332 232188363.186041 214508867.582238 254798562.318098 198959848.040480 282377926.652048
1.483829 244910359.119135 226237936.762994 268479622.499557 209870352.115699 297059071.070363
1.517325 257859898.589604 238303239.826785 282477260.232773 221061772.765384 312000108.342541
1.550821 271169798.221157 250670524.336987 296845826.980979 232490579.425695 327068167.660896
1.584317 284826389.878780 263328898.881571 311491469.685180 244216618.210251 342706323.112523
1.584317 284826389.878780 263328898.881571 311491469.685180 244216618.210251 342706323.112523
3.689347 1568533801.333145 1456439692.041530 1684549604.755635 1349717377.880365 1795610625.373954
5.794376 3090487986.542355 2774411091.993800 3406457644.007426 2478870683.124778 3702266345.964611
7.899406 4467327130.122102 3896665831.295586 5046632090.340332 3395615682.630908 5590819239.961305
10.004436 5675808545.764492 4851278170.266354 6522720621.249013 4168485789.152183 7355289403.778769
12.109465 6740304346.341839 5677578130.202028 7862879251.688012 4841994084.052849 8995982583.400467
14.214495 7699706065.741610 6413573663.805530 9099374196.476389 5438748490.243461 10512289694.611675
16.319525 8571344607.487234 7074269746.175039 10235327888.563370 5975745494.978567 11924382964.508112
18.424554 9369019654.506592 7673003917.700852 11288119623.339222 6459116382.446981 13275508957.554565
20.529584 10105075923.175625 8228601110.157078 12277069779.638140 6904088405.012683 14529512518.962578
22.634614 10787371876.680729 8740140034.528395 13205607747.103083 7305088386.632361 15726676445.565985
24.739644 11430749168.700525 9202053544.988737 14079744708.362345 7682023789.288771 16848393198.091288
26.844673 12027662369.895641 9644972168.165602 14898086368.807266 8026348634.885246 17893265119.590221
28.949703 12596662331.066181 10061038268.752340 15679956693.715126 8362941580.653422 18896105978.703396
31.054733 13138255270.569242 10447919481.672188 16421015014.749104 8663878753.131205 19880199962.887962
33.159762 13640475095.859690 10810656857.444386 17132889394.700188 8950071941.625492 20797434928.726936
35.264792 14117160249.881102 11158158137.514427 17805131894.030880 9217107178.026703 21686417458.719837
37.369822 14574562597.067823 11492201693.382303 18442336869.169933 9471658570.628405 22542807653.689564
39.474851 15012498315.408228 11806857535.328859 19055196105.453182 9723343939.643951 23342091247.598412
41.579881 15428002469.489441 12108974955.190964 19649295576.361370 9958436159.760548 24109789094.068344
43.684911 15819783306.677877 12396679956.682091 20209756944.667397 10181070076.567078 24861108584.600502
45.789941 16203277914.324472 12672135153.721500 20751306951.045071 10394652156.700583 25583298086.344631
47.894970 16573345523.189085 12935573653.795208 21282651106.643085 10597252099.941776 26283623013.227692
50.000000 16924570248.486883 13192300450.848335 21785002387.677132 10791912381.619581 26954383437.887486
