0.010000 301.770180 230.932250 486.050600 207.857787 642.458651
0.046475 23797.090775 20155.647739 31943.337955 18554.923286 38586.943616
0.082951 122764.668018 107382.803965 154197.549265 99465.005267 180669.297464
0.119426 343017.514125 305537.203555 414445.771807 283988.904075 477388.679378
0.155902 725576.411317 653644.166405 851632.975267 608858.666412 972315.140211
0.192377 1306507.390109 1186213.842557 1502814.913862 1107471.812370 1704874.945244
0.228853 2118763.674244 1933543.971259 2401336.231125 1806820.398497 2704764.015066
0.265328 3191290.418956 2927036.610545 3578998.212918 2739696.660676 4012238.084573
0.301803 4555037.537020 4188707.329093 5065379.984132 3927312.181565 5645638.554249
0.338279 6228855.546482 5745985.546177 6880695.562787 5395399.224196 7626087.695662
0.374754 8239022.382784 7617724.725322 9058302.647456 7160017.700755 10005525.118709
0.411230 10607367.486152 9826353.594266 11612040.377820 9245200.345307 12777962.742713
0.447705 13352670.156052 12391048.160074 14572725.031241 11668196.364707 15984400.922117
0.484180 16490134.930189 15333610.388350 17946521.605671 14444712.260079 19636354.760202
0.520656 20040938.891204 18660030.954595 21752474.943706 17596262.681150 23771751.030920
0.557131 24018534.279442 22379828.386384 26028101.730793 21116091.255766 28372979.075842
0.593607 28436425.218618 26520371.530374 30785663.237885 25023813.948445 33491512.327896
0.630082 33321377.177974 31081375.806670 36016790.542690 29337860.870646 39134051.094553
0.666558 38671223.423964 36063836.882653 41763581.143870 34044301.587410 45310487.065720
0.703033 44495845.372122 41513477.580080 47999153.589956 39179092.505808 52036363.803531
0.739508 50801331.047851 47401743.971433 54750738.413911 44731237.090710 59317757.737470
0.775984 57618014.600748 53769997.352962 62004992.844520 50720895.306047 67129825.302711
0.812459 64912817.873723 60597729.973971 69829926.251973 57160901.707718 75498599.166653
0.848935 72723545.127826 67894526.300292 78211856.092946 64051341.901047 84487694.813493
0.885410 81054422.631130 75681154.732026 87117458.206235 71350501.634259 94054701.289577
0.921886 89929374.408488 83941964.267694 96569747.902865 79126815.209079 104196060.292114
0.958361 99323390.969157 92710585.940939 106584466.114952 87370042.148456 114993173.367712
0.994836 109229798.446265 101977175.547811 117173924.657111 96088852.063719 126192925.752850
1.031312 119701531.935481 111729355.523049 128297268.993183 105303664.320493 138096403.747333
1.067787 130689100.378863 122010500.277822 140013618.814662 114957431.758842 150660482.267185
1.104263 142228347.485307 132794141.644236 152312254.107880 125140839.753995 163666940.870132
1.140738 154306934.991097 144048935.832289 165226270.384888 135802911.025558 177414561.820127
1.177214 166943515.842367 155855532.606097 178708931.851690 146862657.259190 191758103.951256
1.213689 180112019.910426 168153877.353748 192775975.322632 158403432.018422 206675376.005682
1.250164 193802728.842517 180942092.878855 207392030.144452 170476365.096547 222288018.905612
1.286640 208050554.338175 194238374.241072 222583719.954943 182966491.091146 238418832.017659
1.323115 222875098.055974 208072086.912433 238360449.369634 195896555.959651 255108446.508012
1.359591 238263892.631020 222395833.742491 254747262.793999 209309922.339638 272505360.852203
1.396066 254157078.848513 237226366.157978 271677713.758846 223262777.719582 290372148.213098
1.432541 270606883.116509 252517881.147298 289196382.605123 237602280.963401 308831409.827879
1.469017 287571134.635945 268322728.361246 307281241.212253 252500914.420763 327971275.549069
1.505492 305051878.025909 284630302.528373 325930341.936634 267844926.850997 347828395.969254
1.541968 323076985.407861 301511001.859989 345189252.951192 283636650.818186 368101686.959057
1.578443 341589045.688978 318847901.466745 364970615.270147 299859303.294697 388937469.130290
1.614919 360635937.195505 336730821.605259 385235920.564374 316619366.237664 410528799.170744
1.651394 380291275.759968 355046268.529263 406110767.159621 333787950.327907 432527272.624904
1.687869 400451432.945549 373885500.208093 427436985.080152 351379900.935149 454884718.837238
1.724345 421145856.209802 393090003.376474 449349582.404802 369456848.518152 477950968.294135
1.724345 421145856.209802 393090003.376474 449349582.404802 369456848.518152 477950968.294135
3.823286 2248931126.591785 2087996389.634674 2420646483.134483 1933045698.457515 2586502971.888441
5.922228 4602914035.223957 4133154025.892282 5068803989.937531 3674490319.761985 5504216789.993456
8.021169 6869750994.396816 5989281578.925847 7719327402.978754 5177924536.092587 8551675269.119234
10.120111 8894836200.990650 7595628933.027250 10189487689.496513 6453703110.793990 11474218140.636768
12.219053 10697582781.276157 8996355968.984533 12470940429.548527 7573005800.945396 14204876070.128546
14.317994 12318282650.452484 10247920970.953648 14572659384.282904 8565326766.322210 16769608720.800520
16.416936 13807922735.270517 11378258038.514874 16532595593.999147 9455957977.017082 19201744349.810215
18.515877 15176903903.800207 12415659384.535997 18362831855.956253 10266386406.799540 21512509963.669746
20.614819 16448993099.336111 13361655267.573439 20089399387.846363 11017277955.401457 23714389048.411232
22.713760 17639521192.615067 14242975810.339561 21733654734.262276 11702330260.199799 25776574481.188335
24.812702 18750428088.853939 15064413372.321499 23291099181.621517 12330787646.185141 27766482525.167782
26.911643 19793055853.832283 15835777549.231611 24765080891.126320 12928459392.689493 29651581150.162457
29.010585 20766154827.801907 16570978269.914553 26168454603.276344 13501904531.042543 31449620582.890881
31.109526 21696678554.642235 17249051037.466679 27499150911.167488 14032826837.475164 33179657558.157566
33.208468 22593560032.383423 17903526427.259018 28772868808.361408 14535769963.942146 34837339832.445404
35.307409 23435222938.355549 18513826651.431522 29998348665.990414 15000089501.920506 36431706399.654182
37.406351 24244460651.348541 19097115456.471333 31165935629.822609 15444749776.806032 37966599207.555672
39.505292 25019400263.844265 19652864117.785473 32299881917.336891 15878949456.573038 39482373511.231033
41.604234 25754966825.625912 20182688471.423775 33388432953.829212 16294451729.214233 40918439339.365646
43.703175 26466468937.346386 20699208403.021976 34430003716.923325 16680573771.176296 42292348246.747696
45.802117 27165121646.497272 21187485418.299294 35437454465.326035 17050700623.413834 43628795501.468300
47.901058 27816720790.381836 21657544375.782887 36398158307.626266 17411513858.558105 44959852156.490860
50.000000 28449804881.997631 22115073985.694096 37323784730.394112 17762018838.717571 46242331335.527908
