0.010000 844.755998 600.380812 1277.146388 500.376752 1912.368839
0.021024 6921.530442 5187.458797 9676.544542 4392.170885 14360.295190
0.032047 22743.905190 17540.725538 30601.616839 15017.854524 44943.384811
0.043071 52154.757627 41101.189674 68646.305807 35410.962968 100791.196401
0.054094 98710.651930 78968.261782 128180.228620 68294.339842 186488.972129
0.065118 165569.431918 134353.752025 212987.420454 116615.717159 308526.281713
0.076141 255917.560630 209901.616642 326766.166685 183004.752743 471980.020388
0.087165 372881.875585 308153.542888 473120.442043 269678.831087 680587.701167
0.098188 518558.860240 431919.133354 655608.964664 378415.772353 936252.468442
0.109212 695973.058105 583549.033624 876882.572437 512118.117082 1242401.486841
0.120235 907129.487962 764958.415699 1138007.088728 672972.756224 1605632.355828
0.131259 1155485.068587 978897.361254 1443379.910242 862016.100532 2019098.292678
0.142282 1442236.942735 1226376.556193 1797253.952627 1082457.703294 2498554.331026
0.153306 1769590.386071 1510630.654258 2200246.914627 1334736.620684 3032500.497436
0.164329 2139898.533185 1833460.864837 2654965.080467 1621127.249462 3642066.589496
0.175353 2553575.138743 2195685.217467 3160889.267547 1944563.227499 4311484.564343
0.186376 3015372.824796 2599364.088825 3720985.053085 2304384.738196 5041577.911601
0.197400 3523465.137254 3046468.874413 4337013.984409 2702890.490910 5852053.391390
0.208423 4082182.975816 3537373.011063 5010766.817734 3143283.040067 6716733.481343
0.219447 4693672.293326 4074833.815646 5745712.569419 3623545.378601 7658466.154703
0.230470 5357432.893309 4660366.006359 6539812.085481 4146783.463437 8652026.329341
0.241494 6074699.778473 5297061.836180 7395660.754149 4714710.710478 9698761.638528
0.252518 6852259.000658 5981556.549541 8311912.273981 5329697.148200 10834611.907937
0.263541 7686874.874636 6719046.143834 9290736.076115 5986090.381775 12010954.474167
0.274565 8578300.576225 7507176.792538 10333735.952043 6689266.910264 13267695.454055
0.285588 9525613.752083 8348838.149053 11442106.684462 7440477.272185 14601617.348230
0.296612 10536266.717066 9245753.754275 12616018.876918 8248683.902785 15990666.564529
0.307635 11609928.571140 10193351.046746 13849840.744047 9096050.015121 17432208.322014
0.318659 12737842.230378 11196526.164775 15148912.263331 10000330.378481 18936746.470337
0.329682 13934952.173156 12262736.603661 16515903.593346 10952541.649596 20475483.097172
0.340706 15196460.024030 13392015.620569 17946209.003419 11959178.016527 22113278.704775
0.351729 16517964.446119 14579063.687458 19441708.791018 13016824.794680 23793949.890000
0.362753 17906897.739569 15817027.715938 20998824.791164 14124066.053646 25564333.413210
0.373776 19357160.167378 17112441.397778 22617171.871635 15297543.725748 27357247.862526
0.384800 20876541.584396 18474868.980238 24308604.243443 16516648.797834 29211572.725834
0.395823 22455576.196032 19890010.186414 26073174.263298 17789664.838051 31130082.760262
0.406847 24100572.132228 21358151.472668 27902297.867311 19117066.542826 33096228.163507
0.417870 25816212.786546 22887864.793913 29801393.995120 20502815.368490 35145545.042900
0.428894 27603199.724823 24476684.286905 31756685.863668 21929012.685630 37197306.142436
0.439917 29439595.172614 26135796.768980 33781428.717427 23423835.859823 39325925.779184
0.450941 31336885.269072 27862715.533617 35861676.943516 24971984.531697 41515941.334221
0.461964 33309501.604461 29649536.793730 38011361.197805 26600172.500349 43767965.083954
0.472988 35339984.471660 31487254.043550 40210007.119513 28277154.440578 46074764.062590
0.484012 37444630.298278 33388023.526501 42482630.383158 29994337.912288 48484400.812018
0.495035 39623436.193452 35348982.198179 44820720.836385 31783949.093104 50946036.379121
0.506059 41857722.006552 37372844.902630 47215029.575025 33625349.973888 53424827.970884
0.517082 44144015.469017 39456927.606819 49681835.563359 35537486.919215 55999634.998360
0.528106 46495251.013015 41608279.917903 52217292.133308 37476337.811651 58591600.448355
0.528106 46495251.013015 41608279.917903 52217292.133308 37476337.811651 58591600.448355
2.679058 1080973773.008646 830125963.194942 1372681663.268109 653712727.469944 1620595506.833910
4.830009 2277899220.075994 1634083486.365762 3140391988.073987 1215969306.021700 3916413871.153430
6.980961 3369538603.918190 2323271626.552820 4903381059.982859 1674232453.776913 6390872229.907538
9.131913 4353641589.879160 2908983354.569600 6559533270.527522 2059111979.341292 8822179656.454220
11.282865 5226694913.049570 3417428342.998730 8111374390.778382 2384297897.884407 11145253608.022495
13.433817 6006201951.085362 3863068580.860878 9563568322.058071 2665213354.725211 13370313267.688332
15.584769 6713234684.963689 4268374228.521859 10914705272.871058 2916630245.499282 15503139354.687645
17.735721 7367132404.204457 4630683283.088050 12160730501.459166 3143126768.326367 17523125274.706791
19.886673 7959245776.982412 4959485892.725789 13328750396.156599 3345831661.488358 19436878287.326355
22.037625 8504973670.271449 5262696101.108625 14430055697.306389 3527314122.206122 21218458136.141598
24.188577 9011686417.403847 5538326432.668502 15467711393.143274 3699437165.500400 22944215366.270546
26.339529 9488177221.142143 5797153009.132045 16441170224.954977 3856058911.735158 24576118858.037838
28.490481 9941650233.721981 6037986688.367274 17348250064.810566 4001687622.911328 26117923749.248344
30.641433 10375127361.410860 6263961090.594215 18226094414.176811 4139418818.615585 27580103003.548660
32.792385 10776582288.277010 6479460899.828766 19053528834.245125 4270503402.133801 29009643138.802624
34.943336 11152109389.033249 6678667017.488771 19845948297.579903 4389360276.826218 30372095942.770802
37.094288 11519631535.780678 6867272169.390471 20599383890.236290 4506273830.573997 31723277821.235394
39.245240 11857105792.288811 7049148479.884825 21330194848.467175 4618894589.133451 32981043118.978325
41.396192 12188485261.263617 7225573830.774164 22025558117.808655 4720176995.160110 34202323430.818157
43.547144 12499417883.859871 7390896863.791365 22694796037.928307 4817052206.298565 35363654026.308937
45.698096 12791137121.890673 7549143867.430470 23346602464.776173 4910568932.067057 36483589360.630104
47.849048 13078336516.461397 7702081878.794993 23962778222.798512 5001055199.832842 37564896900.138878
50.000000 13355351456.294220 7850216398.318404 24548286647.858070 5088722879.636911 38610085943.377792
