0.010000 259.190143 189.663023 390.896252 158.094511 548.101488
0.034094 8319.032023 6548.218412 11016.588934 5570.189190 15035.179153
0.058187 37155.080311 30214.745702 47063.321373 25960.607294 63402.208587
0.082281 97138.894577 80723.241990 120549.733607 69770.729005 160918.173011
0.106374 197363.190800 166090.650352 241906.090419 144081.281852 319183.921180
0.130468 345438.622962 293577.161841 419600.059460 255088.126044 548709.791738
0.154562 547380.390424 468755.393803 661273.055522 408549.612171 859273.323365
0.178655 809880.160524 697215.478903 973432.795552 609771.119007 1256980.199900
0.202749 1138238.548250 984131.454511 1363129.013006 862583.453152 1746605.530143
0.226843 1538720.771991 1333659.613267 1833302.144611 1171398.876985 2333135.470709
0.250936 2013441.449767 1750248.534743 2388931.858394 1537667.904882 3022380.058872
0.275030 2565759.911402 2234212.781862 3033795.163463 1963647.181372 3820459.980149
0.299123 3200836.957707 2790042.215049 3771367.117633 2452643.017736 4711003.320374
0.323217 3921486.237026 3419786.715241 4604274.990181 3009511.346382 5703606.895220
0.347311 4726218.958265 4131057.162652 5535753.052906 3630715.305171 6793871.428267
0.371404 5622713.642220 4918785.372084 6557746.362050 4323195.348771 7995391.930458
0.395498 6607430.703425 5787359.334078 7685761.941382 5092460.612032 9297800.054728
0.419591 7687493.352373 6738222.497019 8913307.337936 5930215.446750 10700896.496164
0.443685 8859439.664448 7775816.275861 10238715.062388 6831129.968647 12183239.503573
0.467779 10127980.075864 8897320.577334 11668323.244111 7814902.737213 13777252.209021
0.491872 11493296.170816 10093498.809370 13200341.966911 8870101.773210 15445565.288546
0.515966 12950577.512659 11378760.818153 14830705.270555 9990234.314113 17215271.379257
0.540060 14504343.451429 12749267.460628 16566026.800934 11176501.027078 19102720.899745
0.564153 16148455.738928 14204564.271647 18398672.960849 12446019.596561 21111672.490390
0.588247 17884977.815303 15746220.229819 20341001.941678 13774474.787082 23217199.682734
0.612340 19708450.946240 17367869.653540 22376192.805209 15175225.967133 25413296.341497
0.636434 21628898.008613 19069459.832163 24507957.661344 16671860.038664 27716539.750777
0.660528 23652022.809506 20855689.393219 26740322.216754 18220302.073459 30112220.946893
0.684621 25747470.972043 22727353.260559 29085956.722702 19860944.808041 32662047.624848
0.708715 27937455.518017 24663889.739654 31529573.430815 21536509.089601 35320831.528004
0.732809 30198286.551881 26649346.797463 34056246.802782 23273592.289257 38063619.353110
0.756902 32555984.757147 28730305.907978 36688350.062305 25111061.220979 40973423.025234
0.780996 35013338.933291 30872080.976427 39438775.008066 26968219.461552 43974839.061787
0.805089 37543078.826767 33096867.003824 42268531.093223 28900937.203183 47112264.272683
0.829183 40162060.659793 35373085.618534 45176859.492107 30865137.893849 50373847.196784
0.853277 42849880.852950 37729841.518595 48215931.399949 32843585.071679 53719753.228436
0.877370 45611254.412599 40167113.676755 51330613.249336 34912844.560285 57252638.358617
0.901464 48491487.824916 42659250.849373 54557537.753167 36990246.325348 60842376.834974
0.925557 51399311.993979 45174852.722982 57858170.723893 39121018.944114 64559896.187214
0.949651 54405527.750882 47747209.357998 61271137.766608 41224620.864659 68405820.774110
0.973745 57486133.991752 50370884.689048 64779461.004080 43361161.459481 72359465.556367
0.997838 60646121.551728 53059378.230397 68387407.396207 45557469.882931 76469849.984254
1.021932 63904947.753006 55764804.607424 72102316.176718 47834318.354748 80741464.872082
1.046026 67185257.427635 58557947.019135 75887947.224163 50034232.051952 85144920.429337
1.070119 70532087.507606 61422485.082972 79772065.336897 52216419.944741 89680204.293121
1.094213 73980704.398576 64278342.667441 83750922.486211 54511423.489400 94330677.568960
1.118306 77464622.961960 67144567.532921 87803340.887296 56718628.538339 99055733.062640
1.142400 81010838.780415 70092295.810857 91943688.157794 58978930.481046 103814724.796299
1.142400 81010838.780415 70092295.810857 91943688.157794 58978930.481046 103814724.796299
3.266643 501022028.553374 336194821.502667 660323106.187757 224343138.683276 816935019.745611
5.390887 876681325.556371 537098699.265476 1264367403.307781 337744272.518014 1636659691.479022
7.515130 1173421565.221369 690350489.461782 1764609845.700102 424317007.546454 2338709097.617836
9.639374 1419988687.258199 817302622.285028 2182069069.527497 494942731.781387 2963218543.571540
11.763617 1632385075.522513 926165287.602770 2548337550.808221 553450537.383681 3516488529.278314
13.887861 1814888787.356810 1019933907.239704 2872197896.001812 604803455.405441 4018482994.819425
16.012104 1980850331.083260 1103491047.904864 3159831926.788608 649405540.320240 4477890655.959890
18.136348 2126934846.859327 1177091609.250542 3427970490.017854 689533817.280704 4914330332.888556
20.260591 2262062471.204572 1243488968.903158 3667268789.215936 727387288.037995 5305551197.342580
22.384835 2386199635.027652 1303824487.895668 3894649272.182588 760019768.864139 5659235008.680062
24.509078 2495577031.514981 1360088826.933398 4099233565.636569 788684985.837175 6002945471.740894
26.633322 2601020656.450178 1412848192.074294 4297151296.527891 815485235.824989 6317506744.739324
28.757565 2697877878.258186 1460101915.380069 4477979968.779815 841456969.148241 6612249828.118947
30.881809 2789500596.655140 1504213402.042742 4648956580.709001 865774344.874602 6897034604.287780
33.006052 2875528926.824512 1546941024.934582 4810259747.995726 887827544.209069 7159825749.326980
35.130296 2959840960.882039 1586744838.541687 4959134710.375754 908977246.292689 7410338421.645420
37.254539 3037476809.020911 1625034234.620000 5101216407.910669 928383924.020017 7654682854.311563
39.378783 3111220090.284207 1659958516.480343 5242427729.142298 948624590.982110 7878410291.651166
41.503026 3178910879.981812 1694828532.694971 5376563043.655836 966216783.673700 8102317648.518162
43.627270 3245433585.185264 1727336651.286591 5501995119.912166 982924397.191095 8318849415.547301
45.751513 3307339363.808465 1758000591.525110 5620722944.497961 998354584.238996 8520397352.050590
47.875757 3369918327.132393 1787351985.382616 5739966170.125258 1013365617.262628 8719629955.520193
50.000000 3427329882.121572 1815612260.193707 5846380634.333241 1027750172.182416 8904074818.286272
