0.010000 551.955849 344.067993 852.451268 277.160711 2317.919317
0.034094 15909.550646 11472.319898 22815.952988 9886.860599 62113.168697
0.058187 68595.802006 52632.729500 95346.847259 46564.428788 259513.096961
0.082281 176506.462838 140582.643820 240677.853262 126495.113980 649687.006536
0.106374 355018.739574 290338.116933 477458.540207 264768.184049 1284831.840175
0.130468 616938.499492 515404.121362 822396.191463 474526.618762 2195036.223400
0.154562 976065.265113 828698.459760 1290674.531554 767390.075157 3409234.575750
0.178655 1441762.436187 1241285.131856 1901457.438401 1155937.117117 4962277.290416
0.202749 2026519.615299 1763137.990381 2663349.736138 1649498.376528 6891110.418073
0.226843 2738635.222524 2407199.257255 3587695.029174 2258534.019246 9177679.890923
0.250936 3592779.530522 3178641.318576 4689154.746185 2994202.833800 11830446.146027
0.275030 4592042.235534 4084868.454453 5972575.355210 3859524.631717 14831232.674124
0.299123 5748205.736077 5140185.820884 7449227.264756 4867149.058053 18195584.093551
0.323217 7070913.920668 6347723.101013 9128986.505462 6020386.693359 21918617.045396
0.347311 8562522.218946 7713959.694479 11017209.147643 7331807.107464 25984169.325832
0.371404 10229235.162380 9243399.474101 13119213.951520 8801675.467084 30367754.795051
0.395498 12089019.887432 10950385.459557 15461943.249994 10439569.597876 35157513.508976
0.419591 14134369.370297 12829958.383937 18039244.493356 12247767.977268 40231754.079102
0.443685 16382113.460724 14889153.594609 20838905.174141 14225160.509845 45521695.737431
0.467779 18822484.733766 17137369.786951 23885609.951580 16384826.140981 51193751.765210
0.491872 21466924.272640 19571141.486901 27189983.913976 18732684.304547 56972435.461620
0.515966 24342064.579619 22206548.197089 30741872.181355 21267411.503104 63050188.693553
0.540060 27428856.724948 25034170.563562 34529064.698408 23990006.638460 69459229.478078
0.564153 30726503.657310 28079485.327439 38562442.441653 26912590.638898 76067560.436132
0.588247 34243414.998445 31324027.611369 42879422.074523 30028970.940311 82929186.830444
0.612340 37995139.242605 34782433.648481 47459135.223118 33357127.622206 89961440.364311
0.636434 41973802.182244 38450294.587985 52287681.084556 36899499.994190 97095006.062858
0.660528 46202278.802602 42345198.412807 57387178.726680 40639937.759190 104304594.784542
0.684621 50650218.958357 46455769.032800 62741487.689563 44592175.869580 111933789.025769
0.708715 55331949.029725 50794709.006832 68381402.340946 48754967.745668 119693661.514656
0.732809 60239674.860780 55357985.266008 74298233.297289 53131791.922510 127645292.004539
0.756902 65408188.386238 60138724.594006 80490543.515614 57706496.870128 135718098.334638
0.780996 70834136.501522 65139050.181872 86966654.899761 62494110.011428 143915604.091904
0.805089 76504434.026228 70393671.202941 93645952.095294 67523820.781276 152574361.335135
0.829183 82405882.313622 75873771.236256 100586250.680114 72761126.055795 161322163.182525
0.853277 88544149.113427 81561516.987657 107814503.621102 78217041.361542 170200211.069320
0.877370 94930893.446344 87478938.092058 115336422.660745 83921284.120206 179399709.830911
0.901464 101574431.248150 93633392.376775 123072078.758005 89834439.173011 188916297.876539
0.925557 108464441.034074 100032952.255645 131082853.674824 95931634.503593 198499496.125708
0.949651 115617454.140599 106671081.835770 139399526.168130 102269449.022059 208130825.404040
0.973745 122989219.606279 113519036.679891 147859791.176454 108821594.648712 217892448.922519
0.997838 130628952.238434 120627065.269392 156618025.103464 115615729.161550 228128912.812221
1.021932 138517753.982800 127958506.566261 165652932.908285 122616227.848354 238428843.099542
1.046026 146611039.506987 135501321.952862 174997275.654236 129884950.713587 248890059.829746
1.070119 154945297.132777 143294702.075327 184514953.230066 137364344.484471 259525807.530964
1.094213 163505065.845086 151315921.007762 194388705.903364 145061512.009098 270158679.894045
1.118306 172366520.318188 159570238.958884 204434847.091207 153000406.074761 280933753.743055
1.142400 181435072.821201 168062234.128979 214766364.102887 161151107.826281 292411721.564755
1.142400 181435072.821201 168062234.128979 214766364.102887 161151107.826281 292411721.564755
3.266643 1649078357.940145 1609280494.237680 1686893240.205617 1574446832.405279 1725910301.442675
5.390887 3499583736.470273 3380134076.518198 3633067431.567043 3264969777.036742 3753693497.460461
7.515130 5271885828.362378 4967913897.097370 5589961897.736635 4673466857.727925 5897568688.303939
9.639374 6929478003.036847 6357750578.590682 7454281589.472854 5862038918.808588 7951211996.628135
11.763617 8469981125.259774 7602089719.391034 9210019929.774244 6895321126.170797 9898269674.014956
13.887861 9898671519.239933 8719657120.401567 10859008700.318373 7815753292.370394 11747303956.100512
16.012104 11223239007.366737 9730334677.973364 12406346683.027630 8640796850.193895 13484465789.961037
18.136348 12461556606.029512 10663963473.686604 13875150880.951157 9388649296.184233 15146043758.342400
20.260591 13617975369.908758 11514887244.084093 15252273778.696754 10076205744.217417 16712712976.965424
22.384835 14701700221.784775 12306976717.119839 16550829155.511066 10703346831.018394 18197070975.579662
24.509078 15724994860.936701 13049448878.547901 17778254328.628319 11291906454.723373 19604515350.231846
26.633322 16686048323.176792 13741590282.104546 18946856639.288330 11842930660.315722 20942607720.081703
28.757565 17592470734.229790 14396978530.380768 20057126056.262596 12352739102.709120 22216904628.859833
30.881809 18464938481.502174 15011702464.729229 21125180333.787476 12830642302.693939 23446612438.757114
33.006052 19294061505.172050 15598245451.693453 22143252497.663429 13291847164.810633 24624776842.253197
35.130296 20081755982.570660 16156948509.354475 23114999242.766647 13725019097.874983 25740598566.231541
37.254539 20844888647.572170 16683753721.990042 24056749026.183193 14135998722.001543 26842442574.224327
39.378783 21568279316.709995 17184511499.593803 24952712531.993805 14524564392.429447 27886199847.341335
41.503026 22257758547.804203 17662981342.777946 25815815521.659534 14897537627.617107 28883824884.374966
43.627270 22922562474.693115 18121504340.661934 26643029690.189266 15253880416.689695 29845667031.743092
45.751513 23557228454.312984 18559046932.983326 27439042289.679447 15597054933.488285 30777289174.439186
47.875757 24171848022.668873 18982057477.236286 28217602645.236584 15922644296.731440 31699274069.978226
50.000000 24762569862.373623 19385249729.004562 28969493118.859718 16236744354.038231 32584036770.590050
