0.010000 192.940744 159.158135 288.771664 145.838119 436.717758
0.064947 41400.867503 36829.513202 51554.486757 34605.870546 65333.570348
0.119894 237607.116740 215368.359112 279987.541248 203482.509184 336530.218882
0.174842 690731.788369 632281.818629 792520.910054 599445.563394 920529.953187
0.229789 1487304.247787 1370344.295218 1678969.205991 1301675.926319 1909938.380648
0.284736 2704428.865773 2503655.552425 3018009.460061 2379908.580335 3387332.300026
0.339683 4407792.830379 4093296.222005 4869753.671160 3893775.030394 5412728.232764
0.394630 6655733.052888 6197461.095494 7303047.979002 5898931.325241 8071011.163897
0.449578 9500381.000418 8866840.252365 10368906.534238 8447042.687839 11416033.027199
0.504525 12990048.279302 12144959.081897 14127384.083286 11576417.637209 15510921.100810
0.559472 17156635.305625 16071720.944905 18608137.208089 15323713.697341 20354761.391600
0.614419 22050010.174554 20681408.272871 23846270.966955 19731495.954876 26037159.336089
0.669366 27694852.574072 26011279.009005 29900888.991630 24815585.802989 32603699.454591
0.724314 34118019.742988 32086577.131825 36778121.019801 30609478.570795 40041304.852055
0.779261 41351309.587778 38916710.992630 44513472.034565 37132108.627976 48400405.183124
0.834208 49409381.787165 46540627.119532 53104106.060089 44418526.528732 57701167.292121
0.889155 58319725.808731 54972130.192950 62627952.092070 52439538.350252 67926909.144317
0.944102 68106005.189618 64219888.055914 73050562.318890 61238360.721284 79177484.121670
0.999050 78789414.862741 74312479.951517 84413367.119308 70862963.129745 91391066.477202
1.053997 90359916.437892 85272312.707973 96712761.965883 81286556.048004 104612443.328723
1.108944 102835385.431890 97072173.869855 109960050.443835 92563668.466174 118813375.272730
1.163891 116195363.522756 109742566.187695 124163458.598576 104670379.994281 134059822.837537
1.218838 130504833.915874 123310889.375570 139310143.909825 117572669.464924 150276260.942370
1.273786 145714069.799458 137752504.732822 155435227.068111 131317546.045069 167575736.865605
1.328733 161877349.573033 153093936.863745 172539802.613918 145855089.784079 185776445.926638
1.383680 178986293.806010 169312260.207665 190630419.348845 161361645.364508 204988895.689225
1.438627 197026320.011926 186414048.301192 209673271.295374 177682036.348725 225198117.007693
1.493574 215991397.051609 204413227.461427 229677327.843523 194829971.902059 246389925.414639
1.548522 235873136.073161 223301637.594902 250595574.622638 212764150.703602 268550347.322559
1.603469 256673589.846263 243063317.715857 272497938.518745 231594087.638795 291784795.879812
1.658416 278383689.100989 263671231.251293 295326583.316219 251303177.160177 315881640.277811
1.713363 301006758.750595 285221553.236044 319122220.477798 271842485.473122 340839545.792242
1.768310 324543775.980234 307697745.947566 343903603.353730 293248179.154170 366880139.377747
1.823258 349022281.207149 331041141.416377 369525594.975665 315369575.666352 393749639.307987
1.878205 374344451.984155 355169822.767354 396037854.108561 338272967.528260 421509049.898072
1.933152 400617743.797999 380206987.429929 423503020.159915 362242706.565716 450471923.615651
1.988099 427722334.099604 406081919.194627 451877522.393648 386855448.233448 480229162.100593
2.043046 455770396.127754 432804738.263341 481137201.728141 412254449.092803 510753543.830675
2.097994 484572060.692870 460392730.939144 511358187.339991 438487809.509976 542100987.119021
2.152941 514284248.768870 488830798.706608 542314167.809018 465542938.919428 574326103.109471
2.207888 544828634.672893 517959522.542036 574177532.608965 493387583.854626 607371715.266427
2.262835 576172206.587209 547997414.995355 606850835.532291 522024180.834969 641413496.047151
2.317782 608385727.601928 578815158.958526 640278729.149235 551306384.145016 676268249.707776
2.372730 641440522.067307 610444118.816580 674504250.264631 581339718.680084 711732378.067430
2.427677 675188288.123364 642884283.025000 709639685.582656 612066015.022632 748031369.533852
2.482624 709691374.410950 676016661.505231 745732873.095001 643585044.567047 785299415.688914
2.537571 745015862.767258 709874314.829443 782403295.701773 675707473.255947 823471286.401610
2.592519 781046207.391015 744389884.506872 819856829.792427 708669211.706486 861881020.240614
2.592519 781046207.391015 744389884.506872 819856829.792427 708669211.706486 861881020.240614
4.653713 2537802266.287939 2419221055.703248 2652808860.437842 2307955077.744965 2767257322.783786
6.714908 4657367194.266870 4344238714.084958 4937176914.170590 4054141970.568655 5221903115.841989
8.776103 6727586488.777038 6132010390.129441 7263579966.331742 5576853858.504936 7789498017.218223
10.837298 8597509328.935520 7693439051.803292 9433726326.831974 6876876634.966122 10259149700.989828
12.898493 10244157615.402069 9056800096.339987 11402898378.268936 7989999114.834723 12560330975.602291
14.959688 11716112161.064915 10252941962.905334 13185547241.952942 8979083564.005121 14674131655.770319
17.020882 13033363046.339039 11333233577.024536 14809387046.201391 9865975187.534292 16620551384.036018
19.082077 14232262862.489777 12318056594.868193 16296736930.237375 10672000639.367695 18415023368.816643
21.143272 15335514262.148403 13221095488.438084 17670237250.543571 11401907560.493063 20124105528.763496
23.204467 16351207460.058283 14049423510.860659 18947910026.595524 12079123738.810814 21727967611.938831
25.265662 17305705279.170506 14824891249.276125 20151305209.220398 12720563743.792089 23237375455.083439
27.326857 18201484015.787720 15549449226.015699 21293984551.727612 13316526725.933910 24676646026.792439
29.388052 19043962150.044643 16227584260.261816 22379452002.010258 13877138717.114328 26026117824.801807
31.449246 19838299419.034286 16880114563.204264 23403889158.080547 14397507210.597977 27332167299.308022
33.510441 20596885837.938095 17488223646.798817 24390693137.369667 14894622888.866312 28563943102.172787
35.571636 21309930282.599316 18061086453.817089 25325060087.541435 15357119496.645115 29769869203.818375
37.632831 21998487678.524502 18611620945.904015 26211755960.819618 15804370919.404408 30920983366.779778
39.694026 22650818354.118996 19136787504.845562 27071830890.265518 16227642527.505087 32038302371.747742
41.755221 23287153152.411499 19641947790.806767 27901725752.459660 16631441738.757715 33143882829.963619
43.816415 23887731937.743717 20128662701.895626 28692123272.581188 17019167549.569197 34153615156.966759
45.877610 24464272501.339161 20589904883.772411 29443573702.959492 17390611238.515663 35143645704.973503
47.938805 25024399014.055809 21036550277.472294 30181568161.915676 17758705506.490463 36097972796.257195
50.000000 25563012914.092800 21464042428.538475 30894985508.117283 18110504446.043144 37030404462.131027
