0.010000 437.265354 275.947290 596.251099 228.214674 678.250494
0.036431 15285.879958 11420.667199 18871.465726 9923.166630 21066.102691
0.062862 68193.290954 54382.702649 80880.751056 48293.983694 89585.553319
0.089293 177966.700708 147822.114400 206033.287336 132489.413567 227021.040241
0.115723 360596.850471 307650.748441 410328.164056 278112.803727 451219.465085
0.142154 630605.927364 548501.691790 708401.678214 498877.014759 776520.606711
0.168585 1000144.617050 882302.499419 1113185.714287 808027.341396 1216597.311068
0.195016 1480307.974010 1322505.771245 1636075.667066 1216839.156359 1783432.620261
0.221447 2083974.742488 1878965.992050 2287882.527676 1737112.135219 2488187.078469
0.247878 2816295.731533 2561403.228766 3078469.988718 2376856.199716 3343696.557711
0.274309 3691174.729279 3378515.212212 4019243.690675 3144964.801249 4354493.804201
0.300739 4713479.144447 4337193.739778 5113980.222518 4051111.285760 5530944.410656
0.327170 5890241.532107 5444078.825494 6377906.767235 5096155.782622 6884264.710083
0.353601 7229954.987038 6708096.496101 7810254.624543 6295054.157748 8417997.296129
0.380032 8742752.590917 8134923.422155 9420364.416173 7651374.853973 10142767.656450
0.406463 10429785.732181 9729606.004469 11217821.031820 9166379.749329 12056992.527627
0.432894 12291998.261482 11490925.534357 13201020.805626 10856804.781903 14169108.408105
0.459325 14343514.024487 13432217.648846 15381331.585778 12718523.819955 16485219.104047
0.485755 16584306.984463 15555464.592781 17759935.219887 14761254.638597 19005038.999912
0.512186 19014347.444966 17860114.721794 20348820.473445 16980693.290072 21736300.073178
0.538617 21645155.505599 20361941.959754 23135686.050255 19383244.631557 24686406.127640
0.565048 24475923.331694 23050208.632372 26128821.077162 21963962.221225 27868340.793670
0.591479 27507725.479207 25941244.220766 29333232.608507 24751244.043772 31255745.226494
0.617910 30751841.222957 29021133.251141 32761705.909572 27729557.291123 34855643.706587
0.644341 34198846.643997 32299639.029273 36404977.026467 30889811.365397 38696204.819877
0.670772 37858091.950336 35796560.791298 40253180.349991 34245852.857382 42752807.383515
0.697202 41725630.437565 39495875.107060 44318129.997823 37784930.323938 47015858.640280
0.723633 45805206.099087 43397462.118279 48609989.539386 41528112.586734 51537499.315432
0.750064 50102787.266210 47506007.910759 53113858.765046 45457360.421864 56256122.382094
0.776495 54615907.750313 51823817.422369 57844487.538503 49596559.112304 61210632.447737
0.802926 59345624.329232 56350304.277658 62789172.936375 53945544.364645 66364621.101434
0.829357 64267382.819561 61090882.916100 67964971.724044 58498695.337860 71773041.131290
0.855788 69419863.814664 66035451.751658 73353464.667863 63239349.797472 77383738.522775
0.882218 74788763.054688 71202806.079960 78964206.823826 68219530.666966 83212934.157681
0.908649 80371784.239314 76562720.793642 84773672.748377 73396167.763226 89246469.230950
0.935080 86176171.031145 82147834.392564 90797321.552145 78768494.512266 95507961.964140
0.961511 92184204.540074 87925707.858760 97045333.062853 84328373.415752 102003712.347087
0.987942 98385652.763080 93913700.823038 103517686.589878 90061247.213638 108696543.884865
1.014373 104805080.878512 100116751.672593 110210327.275778 96024559.668595 115576465.505608
1.040804 111434508.968697 106526277.769901 117087334.291979 102186257.825604 122685768.044147
1.067234 118286524.460176 113131398.799264 124166753.219177 108570430.285335 130045637.166904
1.093665 125334468.354149 119931665.824357 131456030.347958 115145273.205319 137528541.066308
1.120096 132618182.772807 126951394.415031 138947665.761264 121882808.311148 145315054.991694
1.146527 140065625.768483 134154723.064824 146663036.949354 128889294.028257 153218194.387316
1.172958 147729457.803141 141591874.897802 154572353.409283 136036207.319759 161380263.339494
1.199389 155599035.045081 149227956.538172 162661813.597861 143382874.487342 169671669.803864
1.225820 163648784.941875 157041225.523058 170954683.311741 150901026.903460 178156844.128784
1.252250 171895147.061536 165033308.492555 179435527.811515 158628000.084181 186894827.763529
1.252250 171895147.061536 165033308.492555 179435527.811515 158628000.084181 186894827.763529
3.371718 1231656104.215389 1121648287.095975 1331429840.578253 1026785236.449329 1420007433.465362
5.491185 2449485596.802745 2110532533.353132 2809755290.430927 1828216259.417077 3114863197.561798
7.610653 3546373415.010443 2944805366.602909 4209768241.640125 2483340507.989311 4777780994.857801
9.730120 4524156134.149707 3668606034.031361 5492745304.085591 3024189535.371115 6336006152.423866
11.849587 5410130090.385788 4311088634.368224 6676443315.350009 3492465274.077913 7784796339.163673
13.969055 6216900612.827103 4873789879.117459 7772423581.523541 3912761516.096042 9146709846.897512
16.088522 6962744114.396208 5383501714.732924 8785650539.535088 4290456140.362081 10412633356.406588
18.207989 7643562485.709574 5846437674.238231 9726836703.616537 4627747604.638365 11590999109.219324
20.327457 8280737887.858735 6268138457.548286 10611307492.904810 4935974285.461779 12696844949.398052
22.446924 8878865255.197918 6658835843.131090 11448246791.871336 5218923880.552033 13737638821.957747
24.566392 9433979916.940737 7023942106.605869 12230995621.746326 5477556631.992110 14722796131.227276
26.685859 9951126361.253454 7359547997.285740 12968841070.017401 5719031095.191720 15667252869.849123
28.805326 10432148525.615290 7671300479.855918 13678314340.157104 5942908728.061783 16561418058.129454
30.924794 10892951536.334841 7966042851.251872 14346614374.912354 6154602358.869345 17399503970.022343
33.044261 11339424941.788681 8247345466.149374 14980452858.760742 6358435437.870228 18195886530.571411
35.163728 11759026854.387714 8510705544.808565 15582684890.487041 6541627358.772676 18975179192.224289
37.283196 12158740699.201403 8759480400.549826 16162970821.362873 6717182522.280863 19724367342.473206
39.402663 12539775254.642794 9002424942.744045 16714376387.885822 6883620612.861372 20434764044.120697
41.522131 12907566031.599564 9232716135.022373 17244382855.391705 7044860557.981349 21104489627.468872
43.641598 13263520650.312716 9449040635.128384 17747224513.980331 7199310716.048232 21748292063.292725
45.761065 13600651557.276806 9655822031.595911 18238376003.200211 7346027803.793282 22370352157.292858
47.880533 13928798572.515041 9851182863.122303 18710910764.230042 7484726733.328608 22981459621.869770
50.000000 14243644680.907026 10042344498.375902 19163305888.088451 7619318126.475299 23566145953.025837
