0.010000 513.335712 406.202213 634.906840 333.679815 705.381835
0.029025 9361.172014 7915.668233 10932.557078 6915.983994 11956.540511
0.048050 36839.419770 32126.824518 41932.763452 28865.499758 45470.605960
0.067075 91068.889116 81015.713518 101784.881912 74143.940354 109953.290614
0.086100 178909.066938 161610.153622 197579.005585 149755.214502 212691.375654
0.105126 306817.214243 280213.114712 335562.825346 262444.539556 360602.417629
0.124151 480328.048100 442719.704868 521267.691578 418075.361146 559396.328814
0.143176 704644.208236 654465.264154 759962.137349 622461.816465 814865.671798
0.162201 984713.266294 920702.816369 1056414.285107 880175.045580 1131855.481283
0.181226 1324959.024082 1245890.450106 1415690.417012 1196634.546143 1513906.339047
0.200251 1729678.556423 1634468.212791 1840655.504109 1575852.016623 1965618.627629
0.219276 2202097.551087 2090558.884690 2336291.031558 2021850.668937 2491250.202908
0.238301 2747058.914818 2618574.735153 2905692.627877 2539485.420427 3095843.478629
0.257327 3367428.676706 3221549.425952 3553602.977639 3131786.544922 3781148.076376
0.276352 4067347.054703 3903608.631725 4282261.962814 3800971.266991 4551911.408736
0.295377 4848960.716884 4667156.380064 5094666.792568 4551132.867991 5412637.759303
0.314402 5714974.269199 5514940.564754 5994134.692957 5384290.322593 6364855.673015
0.333427 6669090.803500 6448641.488275 6982972.918217 6302481.411430 7409814.738140
0.352452 7714692.008352 7471965.529128 8065717.848314 7310632.421057 8552881.769823
0.371477 8853130.090034 8586362.310336 9242815.360118 8407244.063812 9793640.911617
0.390502 10085497.420412 9796700.474911 10516128.358837 9597162.762130 11136234.278694
0.409528 11416723.179657 11104630.780053 11890063.564463 10878902.873280 12581139.750087
0.428553 12848346.305410 12509997.049275 13368894.910172 12257526.824630 14129929.305624
0.447578 14380510.694791 14011599.977076 14953334.866282 13732487.042467 15787250.704266
0.466603 16017133.620172 15614595.601015 16645419.684947 15310111.585946 17559150.921951
0.485628 17759812.086848 17322507.570153 18446435.945225 16986929.609601 19446830.781597
0.504653 19610355.866689 19132124.984070 20356186.835973 18767048.466005 21438897.662668
0.523678 21569950.880861 21046783.180931 22377933.528446 20646372.743851 23541990.103294
0.542703 23639169.705187 23070178.046708 24511702.968055 22627480.033203 25761125.981016
0.561729 25814834.024915 25198402.242158 26760030.112049 24711505.750566 28098968.440373
0.580754 28105838.223955 27438524.709093 29125778.362432 26906984.847657 30565461.333769
0.599779 30507912.251251 29787234.151640 31602705.319614 29201775.005367 33153587.045282
0.618804 33022159.628820 32244018.753846 34203395.024513 31604192.653644 35859602.380888
0.637829 35653878.756645 34813276.138398 36919441.254323 34114459.778274 38681850.053799
0.656854 38404901.964733 37491728.270444 39750258.606044 36738873.041032 41619938.659022
0.675879 41273301.215677 40288961.335960 42716876.727495 39468346.389238 44695744.249140
0.694904 44256256.815457 43196055.848994 45797120.494531 42299319.508986 47897413.728310
0.713930 47350030.637245 46218309.509450 48996139.130909 45250447.796334 51206288.382538
0.732955 50567311.321008 49357602.923948 52315954.789262 48320162.107470 54643349.298974
0.751980 53906816.207886 52604698.257305 55760362.669197 51491161.685351 58197415.442258
0.771005 57358960.924143 55970789.467521 59316350.187329 54773837.382737 61877182.482735
0.790030 60933731.985512 59454868.914915 62998062.695648 58169018.228063 65689001.525612
0.809055 64630478.991836 63044988.923592 66813829.990721 61665859.117844 69624067.101888
0.828080 68439558.576322 66750446.417567 70753578.274956 65282398.714224 73676682.700114
0.847105 72376459.436120 70581370.659120 74811951.311806 69000256.851157 77854332.700077
0.866131 76418880.467252 74525983.374880 78994511.681204 72842750.070044 82193457.542535
0.885156 80583299.035629 78585748.510682 83307497.671177 76804884.058460 86627905.170585
0.904181 84871750.608949 82752772.134061 87742265.380729 80872162.395809 91211204.877531
0.904181 84871750.608949 82752772.134061 87742265.380729 80872162.395809 91211204.877531
3.038782 1120850084.896999 1097300408.077443 1143896437.813823 1075351987.722117 1167656830.211557
5.173383 2492782423.697681 2427493826.806727 2551706051.182962 2361685490.743384 2609796598.988924
7.307983 3786331004.308910 3627623439.224108 3920392195.009582 3473129611.691470 4041417700.611656
9.442584 4970728977.524510 4694187821.609545 5202144055.699189 4430925154.994081 5393563996.110960
11.577185 6056272027.796176 5653982015.203041 6399009284.458726 5277144580.115196 6663526424.717115
13.711786 7054397479.844570 6524059234.547245 7512672225.872631 6029213692.800348 7849501187.359486
15.846387 7975408969.923897 7320603675.660901 8549180089.583815 6713557230.793180 8957606644.190132
17.980988 8826988411.521036 8050492864.400028 9515918440.608063 7338093424.653111 9992251284.478052
20.115588 9621124691.830925 8727515941.640764 10421768812.148088 7914068615.995276 10967253666.056984
22.250189 10364362083.574020 9354877407.540495 11270984802.554728 8445350573.422699 11880798678.913128
24.384790 11060460189.737965 9940132167.147646 12071647021.215811 8939668253.917149 12743690759.748997
26.519391 11715073604.420650 10491158008.438395 12828003716.695164 9399988892.688700 13562107907.395872
28.653992 12334135963.014484 11006131014.758028 13541479985.684452 9830901355.620651 14335959252.948925
30.788593 12918077147.807106 11493864126.336393 14220024113.167166 10239261644.260633 15071025365.364111
32.923193 13473101186.027227 11955852180.399551 14868177909.434937 10622883664.692677 15773739494.785324
35.057794 14002350286.734911 12394493215.814966 15486138454.653086 10986710271.381386 16443160855.549625
37.192395 14507955508.053064 12814049799.273153 16076443767.807629 11331996713.344240 17083317763.015945
39.326996 14991428729.929483 13212831444.093761 16639466133.444040 11662258639.897112 17696431599.106205
41.461597 15451551863.496462 13594143568.416122 17181624089.197639 11979508313.690063 18283728608.551491
43.596198 15895033884.724195 13957352202.033033 17701244834.005417 12281766695.892181 18850696236.957809
45.730798 16321138633.062769 14307785397.598394 18200251013.261650 12571298024.191063 19396784248.838711
47.865399 16732658012.328297 14645100217.263083 18683072625.459366 12850785780.615732 19923118899.169662
50.000000 17128305340.853943 14969571811.372911 19147335150.585144 13114751398.240459 20431075878.907368
