0.010000 249.598210 183.073914 400.597738 161.002212 515.118550
0.050136 23608.351463 19521.281234 31349.297775 17812.692207 38075.775448
0.090271 123050.298739 105515.416529 153482.741770 97499.796963 182652.372837
0.130407 343662.906883 300589.352174 413064.474781 279042.747115 488614.363061
0.170543 722937.735766 641462.717998 849157.806176 597877.931514 996760.464229
0.210679 1295674.684618 1159511.341504 1497744.723575 1083184.163301 1749026.337882
0.250814 2089062.027108 1883506.824246 2388657.148240 1761991.840591 2778727.513866
0.290950 3129022.982001 2837105.626680 3552801.387015 2658043.026811 4119951.112457
0.331086 4441294.209630 4044894.412258 5018430.528625 3794746.062099 5794471.351419
0.371222 6041744.111869 5526107.114914 6807014.698484 5187870.443685 7828236.853050
0.411357 7956145.127902 7295424.459953 8937080.398603 6854424.221383 10254525.570447
0.451493 10190695.076017 9372298.573685 11422785.211226 8807507.315072 13067245.258850
0.491629 12783813.843774 11769327.813717 14290979.177034 11067616.337344 16328139.427292
0.531764 15730738.060390 14502554.050602 17551379.860978 13630045.473601 20040015.880083
0.571900 19058236.167254 17579418.159472 21208469.661523 16524252.615554 24192978.786801
0.612036 22751028.236779 20996114.073349 25289372.139509 19745368.710995 28791344.409761
0.652172 26840153.907606 24789133.827011 29794194.225066 23316555.113139 33848229.430086
0.692307 31326985.500467 28954245.557419 34736066.247752 27233398.289133 39388483.578621
0.732443 36220055.032275 33500383.702955 40131248.067550 31494895.953795 45372448.404129
0.772579 41541364.782762 38428837.789925 45978996.586217 36107543.122447 51894320.274730
0.812715 47282528.797111 43744532.266209 52283082.428684 41104235.327858 58899421.325786
0.852850 53448801.898515 49455405.305983 59026482.480495 46449970.985423 66437031.703214
0.892986 60036413.167865 55582506.442782 66219557.986456 52173834.071186 74491572.262465
0.933122 67078545.885275 62121608.060658 73892660.798813 58269798.621945 83043456.879617
0.973258 74540474.621606 69023420.779206 82070210.409983 64763123.343290 92074659.709625
1.013393 82450808.355842 76359579.073717 90665350.432175 71630214.642995 101625249.713787
1.053529 90795004.468172 84115193.123747 99741731.160358 78863611.652846 111601351.469751
1.093665 99579127.433605 92278425.518982 109298361.865144 86516385.583284 122099718.519502
1.133800 108814146.713948 100868771.624326 119321893.197421 94539837.155890 133028259.855939
1.173936 118464924.905432 109839007.395143 129747450.682966 102959307.468072 144432875.087082
1.214072 128575238.570266 119221346.230103 140684724.520445 111783827.449202 156300433.979813
1.254208 139140502.360222 128994016.344008 152080377.147482 120978841.027701 168801034.422246
1.294343 150102823.758462 139214138.187515 163980489.084148 130513556.441302 181670956.550049
1.334479 161563904.868330 149855018.114966 176326528.092439 140460583.496176 194973688.149871
1.374615 173430851.370010 160909756.149826 189091581.655941 150793583.332062 208792265.654497
1.414751 185727913.046648 172359982.813239 202325373.323843 161420929.787330 223044495.723043
1.454886 198431327.426071 184195199.927958 215973942.210859 172557317.247670 237516691.423973
1.495022 211619566.811845 196426360.369534 230126814.295927 184005259.189891 252601242.740690
1.535158 225190515.582970 209071934.564272 244649445.320704 195783309.130693 268122914.741159
1.575293 239168715.476850 222081643.256666 259573659.564137 208001375.074579 284192541.320600
1.615429 253575985.917941 235471033.859662 274943869.418429 220467361.709054 300609586.113709
1.655565 268402046.057408 249249428.518177 290748204.194949 233400451.738034 317519263.258091
1.695701 283602831.907779 263415363.166446 306998540.182495 246631533.998385 334619835.744251
1.735836 299214642.312793 277982364.004897 323695035.383108 260199072.535200 352102199.099563
1.775972 315187382.229916 292870070.564219 340647767.351802 274158207.388494 370187154.370098
1.816108 331521213.356509 308185247.542514 358087433.279875 288498539.016951 388429963.842758
1.856244 348312056.756360 323880928.287771 375964175.486453 303085391.543859 407183513.169625
1.896379 365396954.688333 339892152.391375 394186685.425575 318032559.634636 426224845.262221
1.896379 365396954.688333 339892152.391375 394186685.425575 318032559.634636 426224845.262221
3.987841 1612564869.833684 1500425869.970956 1723632876.873503 1400991292.635058 1838497027.329923
6.079303 3090546752.186151 2789759618.402751 3389615267.905493 2494644531.163459 3687448913.071819
8.170765 4460956427.979355 3912794428.288963 5015958336.098275 3386777467.561351 5517861006.845346
10.262226 5656648724.352053 4869729200.572628 6487712158.057906 4129844621.972761 7232285525.304078
12.353688 6701575215.820669 5698361257.432578 7813137250.174231 4779250851.178255 8804057711.757147
14.445150 7641960108.885654 6423276074.384447 9010864590.949490 5348427183.381393 10273390486.836134
16.536612 8487971047.622802 7078237685.185076 10122237902.061754 5853279205.964329 11613964766.797184
18.628073 9263203989.172224 7669023852.495597 11139577670.507229 6312108166.326488 12879888985.181004
20.719535 9976613547.216970 8219112056.075425 12083345493.681551 6743902480.835068 14068248975.982346
22.810997 10643413090.017473 8728748214.695053 12974584740.588268 7146505046.690822 15186284441.911781
24.902459 11267773736.798712 9196699982.024366 13819452569.495935 7514186553.320271 16228716423.224566
26.993921 11857350254.186777 9637104244.884272 14608373735.358038 7850029390.540824 17231739525.529221
29.085382 12407352722.209728 10047643963.807791 15356014218.778826 8168650071.290234 18163584834.406387
31.176844 12928370814.159451 10434094556.350092 16059056686.062918 8467861832.289257 19054144669.423725
33.268306 13420852935.727020 10797044407.657755 16737598783.871569 8750008884.980522 19925206581.703144
35.359768 13892958839.853565 11142520322.332586 17381356440.904671 9018759148.537386 20753686658.062233
37.451229 14339989747.840755 11470884247.020914 18004404904.092239 9276276462.339483 21554491006.687698
39.542691 14766961240.399620 11787367175.731815 18591165117.396378 9524099972.669056 22335976012.632744
41.634153 15180182647.957624 12088698610.798103 19153072637.914745 9759472340.511576 23056294551.759361
43.725615 15574149433.800753 12373188475.098223 19697670645.438377 9979748918.877344 23763405912.353893
45.817076 15957642648.801733 12649263797.450891 20206739434.803986 10189459576.461405 24438122442.265629
47.908538 16318650578.722626 12910803154.988464 20714136584.434456 10396751546.725302 25086334729.802128
50.000000 16665660686.984375 13162437990.053894 21191087257.903328 10585323533.297504 25714034756.808128
