0.010000 9300.808286 2923.916741 17331.288959 1100.068405 21970.421402 495.731180 25476.466278
0.011352 12547.550063 4077.508126 22902.661286 1598.461934 28318.816924 718.375488 32993.419595
0.012887 16785.066475 5702.105513 30326.830897 2322.358305 37227.577165 1040.973590 44698.845506
0.014630 22633.283228 7945.958521 39528.054218 3363.463683 48543.567877 1508.372138 58692.711373
0.016608 30517.098522 11167.358720 51700.786389 4799.539797 63018.484898 2185.522049 75712.876988
0.018854 41370.973697 15634.399145 67673.403600 6846.019551 83125.519413 3166.479785 99724.300099
0.021404 55431.027238 21715.146552 88919.457511 9850.359856 109382.107980 4587.431424 130517.187384
0.024298 74315.623007 30356.036289 116503.452480 14357.389265 141664.828587 6645.532525 169870.339054
0.027583 99471.211362 42252.086527 151922.853539 20915.655148 183625.287273 9626.152791 220075.738799
0.031313 133500.660716 58640.937255 198281.391696 30316.358205 237166.919411 13942.261725 284100.383181
0.035548 178926.762212 81725.759826 257812.433399 43348.123767 306483.489582 20191.343519 365780.794647
0.040354 238973.059801 113864.346530 335932.178165 61952.321597 395624.017195 29237.605982 470053.212505
0.045811 318552.372980 160610.105788 435879.421811 88492.607504 511973.411099 42330.663121 603228.199778
0.052006 425255.484871 221735.861213 568457.368041 126400.804788 657499.096405 61276.770942 776253.036222
0.059038 563202.452539 308166.265752 736675.839447 180192.333741 846571.307942 88685.715399 1000630.743928
0.067022 742899.665436 432257.518481 953551.080845 259396.436502 1094554.869270 128326.487539 1285186.810631
0.076085 977763.115150 595114.480140 1234408.376820 366627.766567 1418134.020192 185639.197309 1647980.101684
0.086373 1289475.317973 816183.083624 1595076.035214 520022.427791 1831520.215263 268471.043132 2108228.290887
0.098052 1694356.657791 1121826.289694 2067126.413262 738551.835519 2357125.367577 388133.029084 2691843.351464
0.111311 2227636.161028 1530574.304062 2663651.053258 1040591.386712 3028864.671570 560914.894845 3431240.859740
0.126363 2922805.322619 2088367.717482 3446621.321234 1464265.869371 3879233.785337 810253.014193 4366695.965965
0.143450 3826822.471700 2851265.173079 4439842.735803 2076130.753988 4966569.975368 1169826.024668 5547960.112475
0.162848 4991021.309106 3863587.081333 5708048.438357 2893957.917841 6370975.608565 1687963.828931 7036171.269754
0.184869 6477028.139915 5222568.448318 7332297.790528 4037428.810952 8122759.759316 2433907.786334 8906061.023797
0.209867 8414675.399676 6994187.513170 9444590.656169 5565666.205253 10376810.273307 3506666.187439 11248433.031070
0.238246 10847726.508862 9298783.821017 12111655.707020 7641503.036198 13168621.799149 5047484.172990 14189173.826679
0.270462 13982717.037113 12319307.382800 15482222.650344 10489882.275787 16898862.924927 7257306.096126 18174074.641891
0.307035 18024391.271338 16213773.696431 19856479.182851 14281530.127921 21635885.160339 10421062.355917 23147933.174096
0.348553 23211173.800252 21140622.262331 25360720.210690 19061603.221266 27319989.793768 14941162.121432 29388140.170052
0.395685 29863219.742838 27495921.358786 32372962.909654 25279067.272142 34678265.306591 21383192.946788 37146249.656953
0.449191 38238706.446750 35344534.598203 41282303.300188 32734146.138573 44027147.050200 30537443.744340 47733268.990986
0.509931 48895720.009834 45105098.010788 52646670.318635 42205283.553322 56887330.388083 39578920.951987 62036812.633653
0.578885 61958393.192618 57234235.766577 66966950.058292 53658712.539639 73528110.049096 50769051.693941 81637061.517626
0.657164 78128041.083158 72142358.620961 84947554.299302 67570781.046818 95137213.229684 64756064.018358 106327757.905780
0.746027 97824498.096081 90461978.018847 107973214.165282 84527978.820446 122493063.290351 81238729.700161 144057386.190455
0.846907 121813763.320723 112563044.073053 136213076.181595 105685257.912906 158734525.938886 99900341.272377 198370217.922921
0.961428 151064516.516375 139370600.231003 171134613.764779 130761494.641777 202058442.381421 122283198.536791 265360719.868824
1.091435 187328163.909777 171194944.188108 214694695.449371 158905375.096956 256830996.613608 148950123.936951 352053285.379795
1.239021 230673941.835476 208280525.433396 267472612.572324 192016943.863993 326777994.108428 180091261.113654 462826753.913011
1.406565 282021903.134639 251718944.465523 331778366.626688 230025583.389068 404072490.311444 216036810.508126 602287806.482577
1.596764 343628791.514663 302016733.909193 406102118.621913 273108734.673975 494853168.031429 252679698.857053 742601194.256995
1.812683 413866860.701194 359443951.687229 495294024.681502 321529199.405236 601404440.386543 293314182.685508 863694726.705108
2.057799 492875584.137879 424513666.781347 594987126.220463 374115073.776154 738688117.212365 341965422.283675 968201102.278743
2.336059 581107414.863114 495834278.919208 716682289.949391 433840251.846416 902324956.442478 397072102.961949 1058392397.509290
2.651947 680878423.834189 569675675.399075 859980539.905013 497911671.702661 1055884731.655638 450093975.928333 1154221211.142160
3.010551 794689977.871338 643529817.620061 1015170366.917199 559512682.944993 1241807505.550266 506168715.213847 1416151151.581801
3.417645 911733569.780386 719126402.348555 1175140205.179393 623142717.297385 1448742449.002830 558997202.263994 1708648725.648655
3.879788 1028976515.199021 794926343.337590 1359348793.399199 661257343.893582 1673906460.028871 579888727.388976 2142766612.638616
4.404423 1157695955.034243 872929511.428248 1531356219.064200 694862941.239647 1967301370.348395 594134058.329852 2678895078.745979
5.000000 1282081268.591988 943247720.786412 1730950407.882300 728908995.181972 2320684925.754046 606807067.567137 3229800521.860120
