0.026998 -1516.188627 -1778.659801 -1289.847176 -1921.394746 -1182.378571 -1165.197707 -1938.358794
0.038556 -3651.417244 -4283.523140 -3106.322088 -4627.269843 -2847.506852 -2806.130401 -4668.124138
0.048593 -5689.764058 -6674.733228 -4840.378020 -7210.371174 -4437.083210 -4372.608999 -7274.031742
0.055592 -6661.811197 -7815.053858 -5667.314877 -8442.200930 -5195.120625 -5119.631551 -8516.737358
0.060745 -6833.335847 -8016.271565 -5813.233783 -8659.566075 -5328.881732 -5251.449008 -8736.021625
0.064411 -6542.626941 -7675.237320 -5565.922825 -8291.164311 -5102.176443 -5028.037920 -8364.367232
0.070562 -5031.938887 -5903.030310 -4280.755079 -6376.740183 -3924.087417 -3867.067428 -6433.040600
0.076087 -2296.476811 -2694.025608 -1953.651464 -2910.217371 -1790.875438 -1764.852649 -2935.911762
0.080896 1385.382471 1178.780867 1625.768808 1081.062602 1756.522119 1770.686028 1064.405261
0.085596 6347.049816 5400.516492 7448.365940 4952.825905 8047.404686 8112.295817 4876.511259
0.090602 13305.259236 11321.050570 15613.937590 10382.561116 16869.696730 17005.727380 10222.583460
0.093835 18806.652286 16002.022795 22069.911595 14675.491345 23844.895838 24037.171772 14449.366916
0.100661 33254.375168 28295.161807 39024.548811 25949.556972 42163.118665 42503.105598 25549.718315
0.104621 43522.120212 37031.681617 51073.914214 33961.839075 55181.560615 55626.523184 33438.544741
0.110110 60196.637356 51219.533839 70641.730626 46973.550479 76323.128949 76938.568873 46249.767742
0.113793 73033.022135 62141.633037 85705.436434 56990.232388 92598.341217 93345.018101 56112.109573
0.117869 88836.761863 75588.566576 104251.381420 69322.445589 112635.853577 113544.105141 68254.304286
0.121046 102334.091031 87073.043757 120090.716193 79854.885620 129749.075177 130795.321080 78624.457282
0.125535 123194.523755 104822.567430 144570.772454 96133.013977 156197.952833 157457.472163 94651.767292
0.128537 138319.616262 117692.060171 162320.313916 107935.654915 175375.010497 176789.166136 106272.549553
0.131696 155251.385688 132098.800733 182190.020054 121148.109311 196842.748198 198430.011295 119281.422437
0.135432 176622.510402 150282.857079 207269.381653 137824.748566 223939.130637 225744.888388 135701.102968
0.137835 191131.431968 162628.068235 224295.836516 149146.569675 242334.947085 244289.041519 146848.474018
0.140308 206685.557047 175862.612071 242548.854662 161283.999799 262055.973811 264169.090908 158798.886931
0.142053 218036.469244 185520.766694 255869.334293 170141.515276 276447.760019 278676.926863 167519.923118
0.145280 239830.974685 204065.065147 281445.540044 187148.533383 304080.945563 306532.935631 184264.891924
0.147665 256602.605531 218335.548539 301127.320961 200236.026020 325345.644058 327969.104355 197150.728498
0.149980 273415.453858 232641.102663 320857.471260 213355.682105 346662.602067 349457.953994 210068.232936
0.151952 288142.048993 245171.525806 338139.369589 224847.361546 365334.406155 368280.320223 221382.845089
0.153982 303685.180840 258396.715826 356379.486999 236976.213264 385041.494596 388146.318934 233324.811775
0.156716 325226.609743 276725.678956 381658.703326 253785.746859 412353.805185 415678.865337 249875.338970
0.159664 349211.040126 297133.319608 409804.821527 272501.640318 442763.589740 446333.862526 268302.852256
0.161941 368256.530188 313338.562386 432155.013128 287363.505168 466911.307250 470676.297805 282935.720978
0.164377 389131.604747 331100.544363 456652.251820 303653.059064 493378.749243 497357.162921 298974.280478
0.167391 415645.592237 353660.510153 487766.846329 324342.854781 526995.751373 531245.239435 319345.281537
0.169711 436553.902299 371450.771234 512303.087422 340658.343507 553505.332555 557968.583534 335409.376256
0.173957 475888.867872 404919.727122 558463.307732 371352.798748 603378.012850 608243.417659 365630.882005
0.176375 498890.857405 424491.437985 585456.515655 389302.059103 632542.163712 637642.736851 383303.574704
0.179517 529397.908840 450448.983488 621257.035490 413107.782869 671221.959176 676634.431089 406742.492646
0.181898 552957.104853 470494.804823 648904.134258 431491.851012 701092.590397 706745.927422 424843.293482
0.184886 583038.078008 496089.812952 684204.644319 454965.090931 739232.162537 745193.042188 447954.850588
0.187835 613266.834222 521810.565303 719678.580197 478553.651162 777559.108357 783829.041541 471179.951116
0.189583 631427.407905 537262.858972 740990.308068 492724.984679 800584.843147 807040.446869 485132.928422
0.192245 659405.992681 561069.007167 773823.631255 514557.657101 836058.803612 842800.455506 506629.196394
0.194057 678655.511865 577447.852274 796413.254340 529578.733042 860465.209010 867403.664632 521418.823033
0.196487 704747.231514 599648.522879 827032.310685 549939.018331 893546.819058 900752.031873 541465.390861
0.199180 733989.515800 624529.915517 861348.605750 572757.799867 930623.020195 938127.201025 563932.573678
0.201179 755906.519831 643178.444387 887068.565584 589860.407926 958411.521319 966139.777777 580771.659557
0.203862 785584.577542 668430.623712 921896.247833 613019.238772 996040.238223 1004071.917968 603573.652101
0.206124 810831.783640 689912.722777 951524.253824 632720.520474 1028051.092172 1036340.894950 622971.370470
0.208578 838439.184943 713403.041961 983921.987183 654263.545396 1063054.430269 1071626.486304 644182.453918
0.211735 874255.152521 743877.786795 1025952.606248 682212.002898 1108465.383968 1117403.616211 671700.273096
0.213307 892211.210539 759156.064149 1047024.331669 696223.745659 1131231.813984 1140353.625833 685496.118668
0.216359 927270.772574 788987.205936 1088167.296558 723581.953349 1175683.723453 1185163.978152 712432.782782
0.218985 957639.660641 814827.192326 1123805.679439 747279.863387 1214188.342013 1223979.082929 735765.548222
0.221818 990587.289425 842861.352730 1162470.256391 772990.055381 1255962.537894 1266090.129621 761079.589767
0.223742 1013062.946793 861985.223160 1188845.804979 790528.600261 1284459.353843 1294816.732772 778347.895420
0.225603 1034874.108354 880543.693811 1214441.556957 807548.615724 1312113.657630 1322694.030072 795105.661314
0.227639 1058799.903205 900901.443228 1242518.865410 826218.753817 1342449.098376 1353274.083973 813488.124247
0.230287 1090014.603204 927461.105911 1279149.822316 850576.680613 1382026.119248 1393170.238495 837470.736706
0.233458 1127507.788642 959362.945693 1323148.683754 879833.930123 1429563.612249 1441091.055286 866277.181628
0.235787 1155129.424711 982865.376817 1355563.121841 901388.062932 1464584.998560 1476394.840388 887499.201809
0.237800 1179026.829102 1003198.969633 1383607.113629 920036.046952 1494884.443130 1506938.607854 905859.852027
0.240658 1213021.611104 1032124.121661 1423500.541872 946563.369382 1537986.321312 1550388.042760 931978.433414
0.243118 1242301.406894 1057037.431725 1457860.857296 969411.422463 1575110.083168 1587811.156143 954474.436751
0.245269 1267925.276311 1078840.022440 1487930.883803 989406.627783 1607598.507366 1620561.554314 974161.549873
0.248124 1301935.785014 1107778.555852 1527842.767585 1015946.222310 1650720.325383 1664031.089842 1000292.214265
0.250159 1326179.407250 1128406.735167 1556293.051632 1034864.372276 1681458.738482 1695017.365507 1018918.867629
0.252295 1351618.263091 1150051.903316 1586145.961706 1054715.205004 1713712.584542 1727531.293994 1038463.832695
0.254879 1382376.058302 1176222.799264 1622240.733430 1078716.592946 1752710.297258 1766843.469046 1062095.399960
0.257340 1411620.778644 1201106.264669 1656559.887247 1101537.275422 1789789.587062 1804221.751771 1084564.454427
0.259263 1434451.388932 1220532.154014 1683351.978845 1119352.802533 1818736.446713 1833402.027601 1102105.474484
0.262653 1474631.826994 1254720.497374 1730504.374838 1150707.009653 1869681.098942 1884757.477623 1132976.566455
0.265576 1509175.973403 1284113.087286 1771042.491126 1177663.020426 1913479.514545 1928909.066555 1159517.230825
0.268832 1547549.423484 1316763.918152 1816074.357405 1207607.171356 1962133.092343 1977954.967816 1188999.993180
0.270737 1569934.193409 1335810.455152 1842343.248104 1225074.793572 1990514.672386 2006565.405844 1206198.468966
0.272707 1593030.645490 1355462.541396 1869447.309361 1243097.766372 2019798.592019 2036085.459575 1223943.738326
0.276279 1634748.760640 1390959.248596 1918404.194364 1275651.876933 2072692.860236 2089406.246528 1255996.245261
0.279899 1676820.071814 1426756.479820 1967775.560633 1308481.598757 2126034.944592 2143178.460634 1288320.116757
0.283329 1716465.324657 1460489.449945 2014299.908087 1339418.182052 2176301.037149 2193849.879343 1318780.019778
0.287265 1761669.829054 1498952.622381 2067348.127439 1374692.844599 2233615.687431 2251626.692596 1353511.159608
0.289900 1791750.012702 1524546.958741 2102647.710999 1398165.468437 2271754.258557 2290072.798275 1376622.110127
0.293481 1832386.114720 1559123.013049 2150334.836037 1429875.246147 2323276.645696 2342010.641836 1407843.293947
0.295659 1856961.204913 1580033.228620 2179174.103109 1449052.052201 2354435.325983 2373420.573560 1426724.617948
0.298272 1886286.640360 1604985.372116 2213587.977410 1471935.719509 2391616.954217 2410902.019933 1449255.686757
0.301349 1920623.498925 1634201.586948 2253882.838051 1498729.976297 2435152.550209 2454788.669979 1475637.089497
0.303755 1947291.158520 1656892.307777 2285177.769268 1519539.687755 2468964.392721 2488873.157994 1496126.158599
0.306757 1980370.180670 1685038.266900 2323996.538467 1545352.410608 2510905.181841 2531152.141268 1521541.151176
0.309831 2013989.191407 1713643.686301 2363448.993035 1571586.505522 2553530.620808 2574121.295139 1547371.023186
0.314787 2067647.532637 1759299.977834 2426417.927073 1613457.993883 2621563.864471 2642703.132327 1588597.342933
0.318292 2105181.673441 1791236.665322 2470464.850297 1642747.202303 2669153.284651 2690676.295018 1617435.254331
0.321305 2137167.255286 1818452.248511 2508000.449557 1667706.675280 2709707.704215 2731557.729594 1642010.144166
0.324241 2168083.096865 1844757.621426 2544280.691258 1691831.392354 2748905.803428 2771071.906981 1665763.140269
0.326199 2188555.444939 1862176.935379 2568305.323887 1707806.684628 2774862.629766 2797238.039036 1681492.280387
0.329757 2225472.146602 1893588.262209 2611627.672261 1736614.083600 2821669.200783 2844422.039974 1709855.806203
0.331942 2247957.008880 1912719.964824 2638014.022960 1754159.811395 2850177.687609 2873160.408111 1727131.184094
0.334030 2269307.800400 1930886.720258 2663069.523225 1770820.583945 2877248.289655 2900449.296927 1743535.242399
0.337596 2305462.892013 1961650.015679 2705498.109849 1799033.671844 2923089.217663 2946659.868288 1771313.614468
0.341024 2339844.837257 1990904.593430 2745845.880438 1825863.111351 2966681.978914 2990604.144552 1797729.657820
0.344232 2371690.537601 2018001.155598 2783217.326488 1850713.429880 3007059.043159 3031306.793685 1822197.075091
0.346811 2397059.361981 2039586.736053 2812988.053506 1870509.614599 3039224.096549 3063731.213511 1841688.234182
0.349914 2427314.937666 2065330.308297 2848493.462468 1894119.103004 3077585.046692 3102401.491385 1864933.940418
0.354002 2466705.135402 2098846.259595 2894718.498616 1924856.657841 3127527.755674 3152746.918881 1895197.881672
0.357228 2497411.362808 2124973.278026 2930752.754684 1948817.805613 3166460.085730 3191993.184052 1918789.828799
0.360760 2530664.196740 2153267.128441 2969775.494830 1974766.159905 3208621.250268 3234494.319766 1944338.362965
0.363942 2560278.948000 2178465.442183 3004528.885932 1997875.590503 3246169.701119 3272345.546670 1967091.716435
0.369501 2611261.924992 2221845.345612 3064358.236630 2037659.398179 3310810.858800 3337507.945419 2006262.523116
0.374012 2651913.875914 2256434.885283 3112063.960613 2069381.543345 3362353.340715 3389466.045792 2037495.883831
0.378766 2694061.911719 2292297.399221 3161525.364482 2102271.136094 3415792.703992 3443336.323238 2069878.703743
0.381364 2716792.005923 2311637.762411 3188199.498825 2120008.226974 3444612.119614 3472388.127379 2087342.496139
0.388675 2779651.354703 2365122.918449 3261965.964509 2169059.584702 3524311.292081 3552729.962868 2135638.055645
0.393808 2822794.070928 2401831.776463 3312594.641989 2202725.361520 3579011.807563 3607871.561958 2168785.099945
0.398175 2858872.775800 2432530.076671 3354933.587532 2230878.842162 3624755.885060 3653984.501843 2196504.783204
0.401100 2882710.801565 2452813.145975 3382907.897539 2249480.490955 3654980.043656 3684452.376258 2214819.812141
0.403714 2903794.900478 2470752.980577 3407650.429702 2265933.153895 3681712.506975 3711400.399729 2231018.967452
0.407609 2934836.975886 2497165.762115 3444078.808850 2290156.375660 3721070.657668 3751075.919187 2254868.950457
0.412824 2975695.428143 2531931.007648 3492026.865500 2322039.661070 3772874.961981 3803297.953192 2286260.968519
0.417765 3013670.145492 2564242.568655 3536590.812448 2351672.666844 3821022.987791 3851834.225891 2315437.379937
0.423618 3057741.723183 2601741.767349 3588309.523929 2386063.266889 3876901.203832 3908163.022058 2349298.079169
0.428437 3093303.404465 2632000.147514 3630041.733900 2413813.295863 3921989.748729 3953615.143384 2376620.527266
0.432238 3120889.036288 2655471.943693 3662413.920422 2435339.333294 3956965.485370 3988872.910715 2397814.884973
0.437027 3155075.388169 2684560.096851 3702532.159026 2462016.144430 4000310.254405 4032567.195051 2424080.651698
0.442907 3196196.734640 2719549.031276 3750788.726302 2494104.575430 4052447.881474 4085125.239596 2455674.654404
0.448860 3236890.183798 2754173.880567 3798543.149140 2525859.103127 4104042.978874 4137136.379725 2486939.898691
0.455284 3279764.155314 2790654.071676 3848856.450343 2559315.169009 4158402.753777 4191934.490637 2519880.463346
0.461518 3320353.366857 2825190.228269 3896488.548647 2590988.356433 4209865.688627 4243812.402509 2551065.620675
0.467240 3356749.474081 2856158.596727 3939199.971000 2619389.517279 4256012.199578 4290331.020914 2579029.167806
0.472033 3386623.402540 2881577.436663 3974257.510750 2642701.192949 4293889.260393 4328513.507565 2601981.650095
0.476736 3415394.067219 2906057.542161 4008020.352554 2665151.953140 4330367.496499 4365285.889930 2624086.482153
0.484266 3460370.064697 2944326.284836 4060800.415330 2700248.303712 4387392.423570 4422770.643757 2658642.057493
0.492155 3506097.913854 2983234.755809 4114462.788248 2735931.350556 4445370.621041 4481216.354785 2693775.289111
0.499968 3550013.004816 3020600.804585 4165997.860013 2770199.838510 4501050.428046 4537345.142023 2727515.757791
0.507739 3592386.513827 3056655.166989 4215723.860347 2803265.375921 4554775.668099 4591503.601443 2760071.811356
0.517242 3642487.055303 3099284.232203 4274517.658649 2842360.588169 4618297.988538 4655538.141083 2798564.632696
0.525860 3686354.485452 3136609.727806 4325996.799676 2876591.884716 4673917.366546 4711606.012048 2832268.483027
0.534675 3729729.381627 3173516.140855 4376897.944094 2910438.839704 4728912.262264 4767044.365142 2865593.913849
0.548223 3793586.356060 3227850.146981 4451835.139669 2960268.679770 4809876.321189 4848661.286639 2914655.960601
0.558300 3838968.539289 3266464.501066 4505091.868013 2995681.991350 4867416.249907 4906665.194886 2949523.613116
0.569451 3887191.974837 3307496.392504 4561682.852052 3033312.431911 4928558.593590 4968300.566565 2986574.232417
0.581159 3935676.954000 3348750.823648 4618580.761767 3071146.964140 4990032.547605 5030270.222553 3023825.798679
0.600079 4009637.533258 3411681.687538 4705374.701535 3128861.001931 5083806.935608 5124800.770623 3080650.561042
0.615085 4064696.934301 3458530.099323 4769987.801996 3171825.786474 5153616.578642 5195173.331373 3122953.331132
0.628305 4110735.216774 3497702.708801 4824014.473448 3207751.075339 5211988.373548 5254015.813652 3158325.072231
0.645491 4167352.366006 3545876.562331 4890455.616683 3251931.425509 5283773.080658 5326379.364623 3201824.678143
0.668745 4238581.320847 3606483.168001 4974043.950878 3307513.880821 5374084.050573 5417418.566954 3256550.702098
0.691114 4301766.529154 3660245.588248 5048192.818003 3356819.518183 5454196.379319 5498176.890252 3305096.623220
0.717107 4369257.902626 3717671.996753 5127395.039819 3409485.407475 5539768.481463 5584439.012430 3356951.020489
0.748753 4443743.762939 3781049.806718 5214805.405427 3467609.340522 5634208.871678 5679640.933093 3414179.362318
0.783272 4516532.391837 3842983.492796 5300224.042432 3524408.864283 5726497.347470 5772673.587137 3470103.701761
0.815212 4577009.295317 3894441.496770 5371194.669902 3571601.116263 5803175.824965 5849970.369947 3516568.801184
0.847567 4632373.666682 3941549.398759 5436165.657984 3614803.879860 5873372.138920 5920732.719581 3559105.883474
0.874722 4674778.581009 3977630.483014 5485928.512965 3647893.923942 5927137.197674 5974931.318786 3591686.066104
0.923578 4742944.398704 4035630.756111 5565922.206019 3701086.105749 6013564.425546 6062055.462093 3644058.646614
0.967894 4796996.139150 4081621.779372 5629352.800421 3743264.577336 6082096.458849 6131140.110966 3685587.219497
1.020452 4853060.364684 4129325.166522 5695145.078726 3787013.461723 6153180.115725 6202796.958708 3728662.007782
1.075593 4904025.115750 4172689.562051 5754953.041003 3826783.047068 6217798.164810 6267936.062522 3767818.811274
1.165719 4973423.278582 4231738.401085 5836392.911070 3880936.871071 6305787.879242 6356635.291670 3821138.216704
1.249018 5025525.393930 4276070.546158 5897535.588786 3921593.981715 6371847.988957 6423228.084328 3861168.870235
1.323169 5064344.815662 4309100.841077 5943090.810033 3951886.139988 6421067.012822 6472843.991192 3890994.277730
1.434060 5112100.077744 4349734.377594 5999132.384913 3989151.248349 6481615.760824 6533880.980667 3927685.193980
1.575949 5159721.421313 4390253.966820 6055016.804247 4026311.855391 6541994.713962 6594746.806118 3964273.219099
1.733672 5200009.146184 4424533.597343 6102295.103049 4057749.782175 6593075.394801 6646239.381632 3995226.740756
2.000191 5248240.764687 4465572.451415 6158895.689919 4095386.608183 6654228.113626 6707885.212115 4032283.647115
2.378460 5291397.854658 4502293.539623 6209541.235223 4129063.601340 6708946.853536 6763045.182588 4065441.734930
3.052104 5332781.933108 4537506.024899 6258106.122740 4161357.051331 6761417.597663 6815939.030316 4097237.597632
