0.026998 50878.164307 24034.332276 152470.106352 13538.548265 380725.023696 1082041.926652 8748.713441
0.038556 124891.892671 66254.570473 321811.631472 37906.627651 723158.730864 1626979.990872 24945.403691
0.048593 227955.369538 125520.512999 526084.521187 73935.198384 1021778.474915 2120280.007031 49130.671058
0.055592 319238.299411 181874.311197 692790.103258 109040.991739 1285564.075859 2473328.463506 72821.567804
0.060745 402336.344579 232646.521658 831124.607958 140848.285383 1529488.633370 2737453.353557 94373.605368
0.064411 464293.621396 274881.779578 936408.009880 166815.254339 1696664.322432 2927359.982114 112217.170331
0.070562 584843.422023 354335.225183 1140093.129215 217075.154323 1944505.789820 3249485.055557 147032.181467
0.076087 707121.554745 433043.419257 1336489.648364 269859.067601 2195036.206712 3542327.239782 183634.714908
0.080896 822092.584703 507524.716851 1504486.112440 322029.299712 2414739.226461 3828169.212406 219504.696833
0.085596 943814.702146 590204.926470 1675920.321318 378912.758509 2701817.477376 4083297.640631 258695.836922
0.090602 1082872.352393 682118.868134 1865180.052167 446238.317901 3012047.586119 4357302.240517 305173.444496
0.093835 1174267.471999 752647.149190 2002044.519593 493572.656127 3206513.842603 4535452.195681 337902.366813
0.100661 1380918.990668 903857.449645 2289784.193297 603921.654075 3578746.316150 4914520.630655 414345.408588
0.104621 1514665.645437 998579.260294 2472069.475243 673412.450469 3817805.122508 5136181.656242 463459.836498
0.110110 1707370.074759 1138935.980186 2712838.841672 769581.813268 4151500.525972 5445459.551412 537608.165419
0.113793 1834260.128430 1242535.535534 2883134.626495 838141.144046 4376871.151593 5654255.870834 591460.936213
0.117869 1983320.688130 1363127.855560 3070249.913152 925297.349728 4622549.254369 5886488.398938 655037.899580
0.121046 2109635.247811 1462011.722281 3225045.402915 997303.666244 4800134.078074 6068319.981115 707573.579057
0.125535 2291770.080244 1597980.773885 3451096.260985 1099100.413172 5053923.322135 6326433.254994 786389.649795
0.128537 2415928.201128 1694146.014246 3607551.240781 1169060.886899 5225483.394786 6499804.802090 842172.141591
0.131696 2557306.693134 1799383.807815 3767944.940383 1246822.498022 5407579.569162 6682885.082570 903600.528950
0.135432 2727103.165175 1931713.320902 3962939.190622 1346354.716573 5624972.573715 6900236.604194 979943.284098
0.137835 2832751.271219 2021267.664548 4085728.572256 1412881.702494 5765949.046517 7040503.997459 1031207.194682
0.140308 2948639.201334 2110400.296061 4224207.676305 1483426.547539 5911958.825008 7185232.029057 1085763.771203
0.142053 3026839.081852 2173715.518393 4330653.283244 1536372.972785 6030564.213432 7287580.707393 1125374.080657
0.145280 3182573.195774 2301731.897060 4507464.478383 1639290.316451 6280839.442505 7477336.874670 1201091.795789
0.147665 3313004.127942 2398962.773654 4645062.587526 1718169.657561 6468700.399827 7617979.484820 1259142.697703
0.149980 3432098.062546 2496256.091552 4787087.216646 1796983.074026 6647662.496513 7754795.662874 1317184.664037
0.151952 3536011.984934 2581111.974133 4900365.921480 1865363.488938 6774081.595046 7871453.657056 1367742.900059
0.153982 3643550.796787 2667733.858343 5027097.353154 1931052.372789 6904469.168794 7991620.932879 1420814.779272
0.156716 3786012.527150 2781136.185999 5194542.418662 2017610.055538 7067183.006619 8153585.564951 1493949.530860
0.159664 3929594.583778 2904357.375648 5369679.803864 2111936.041644 7242515.629310 8328384.207136 1574957.727911
0.161941 4050243.051073 3009303.736491 5513667.122226 2186117.510376 7377999.454830 8463505.957513 1639066.233620
0.164377 4187359.490190 3117310.034471 5655222.695189 2267721.403366 7523000.004333 8608167.042005 1709147.686090
0.167391 4361292.352956 3261101.454677 5852015.078612 2375652.457906 7702484.435036 8787298.994280 1798014.930533
0.169711 4487833.760086 3375262.735545 5999200.017376 2460108.074166 7857918.202121 8941234.314377 1868057.223197
0.173957 4720065.078217 3560965.197094 6287185.100408 2617779.605966 8167254.412602 9255005.606077 1999969.726067
0.176375 4850412.940081 3672959.064161 6433041.021625 2709364.465411 8336463.866672 9433216.435671 2077260.914595
0.179517 5024001.939555 3824978.684844 6640599.149304 2830318.396626 8525214.332108 9664283.471251 2179031.403213
0.181898 5156062.482462 3941978.232881 6800705.854889 2923442.999076 8668424.196440 9839012.598313 2257897.952562
0.184886 5332847.914818 4072232.444296 6998367.007101 3042097.610811 8853420.865974 10057839.406316 2360503.968311
0.187835 5504132.018754 4217408.031827 7196826.087002 3161157.182338 9064777.506876 10273330.657310 2464247.344413
0.189583 5597874.850371 4307050.860384 7311640.801927 3232645.487201 9190205.727346 10400840.348014 2526910.016167
0.192245 5753232.777224 4445417.478562 7481215.148540 3342824.849635 9381427.387397 10594710.947753 2624021.123189
0.194057 5857384.066798 4540882.913499 7601709.535245 3418728.620970 9511733.287342 10726464.302294 2691292.538202
0.196487 6003035.322552 4670539.018093 7768093.487241 3521672.068007 9686661.136371 10902886.648823 2782656.036547
0.199180 6156151.062821 4815108.102560 7943685.004624 3639499.632544 9867992.092649 11098051.015014 2885768.513474
0.201179 6283631.042354 4920373.113736 8079245.136540 3736783.603140 10001528.161043 11242684.292449 2963658.486100
0.203862 6449109.545554 5063165.677001 8247661.685624 3866454.298187 10181060.648725 11436494.910384 3070019.144304
0.206124 6584671.262455 5184894.377728 8400029.166566 3970616.499252 10332690.269346 11599619.732309 3161319.017777
0.208578 6740992.949933 5318342.819719 8572370.842172 4084855.761839 10488792.264362 11776310.839430 3262063.414992
0.211735 6936368.996073 5486521.830616 8795509.211608 4237977.590449 10691537.266825 12003196.606860 3394278.368389
0.213307 7041202.245317 5568114.636038 8906935.302828 4314500.283698 10809157.412378 12115997.441660 3461215.102223
0.216359 7249437.125477 5744153.627293 9107953.973027 4465308.968341 11021781.890457 12334670.074327 3593274.537259
0.218985 7429982.434796 5896527.431104 9283498.483352 4593498.493120 11199359.841769 12522478.666741 3709135.462598
0.221818 7623193.442235 6063181.307915 9500784.314519 4732856.255681 11391284.382642 12724742.593459 3836461.607564
0.223742 7749132.623236 6176048.759814 9635606.338952 4829839.989829 11521832.131968 12861903.886260 3924321.428736
0.225603 7888148.045836 6293042.279137 9766444.449282 4925942.004523 11648261.142571 12994418.713185 4010377.473475
0.227639 8037878.862564 6422379.962131 9909890.303555 5035826.107237 11786753.340699 13139221.505136 4105739.678764
0.230287 8219885.975227 6588920.935843 10097614.749302 5189576.900601 11967145.187919 13327282.784800 4231673.125540
0.233458 8439862.405535 6791537.065240 10331379.695614 5365657.465371 12183564.098814 13552094.484790 4385331.162785
0.235787 8599887.312908 6938611.054195 10496571.638500 5495664.468408 12342790.753853 13716942.347044 4500179.137838
0.237800 8739208.286991 7058596.322007 10658302.298337 5609473.354110 12499450.086503 13859242.044852 4600810.031736
0.240658 8946017.275587 7226693.739651 10873665.694135 5773360.540991 12713252.749260 14060989.303470 4745868.568272
0.243118 9126890.044055 7386730.476805 11049505.187628 5914529.218206 12875592.939758 14234376.130686 4872790.608377
0.245269 9274961.597661 7530539.142298 11203916.774265 6042840.406835 13034834.017947 14385784.965493 4985342.697991
0.248124 9488595.285923 7719504.402879 11409810.346737 6214329.643400 13260520.565716 14586465.011483 5137009.351434
0.250159 9631173.584603 7862640.054227 11550861.815539 6337766.849096 13421929.512355 14729311.506823 5247172.770254
0.252295 9779145.504495 8009961.988676 11707139.453221 6468833.643702 13591832.612093 14879074.825993 5365488.454149
0.254879 9973636.070938 8183100.897545 11887396.170126 6629455.051902 13798028.405360 15060014.946183 5510750.810564
0.257340 10155385.019333 8356430.186343 12072067.233999 6780115.501834 13995074.414089 15232106.308888 5651280.228678
0.259263 10304350.573005 8492527.557454 12219418.844605 6891280.225836 14140047.074784 15366418.194343 5762577.650906
0.262653 10546622.694059 8726618.495333 12474053.532642 7107112.236800 14369371.923095 15602857.811060 5961980.720346
0.265576 10765252.972289 8916800.186044 12696989.980631 7297157.751852 14566683.948922 15806386.971362 6131345.985217
0.268832 11026819.514728 9136839.569172 12943806.168008 7513487.296743 14811053.911137 16032738.461164 6323082.629554
0.270737 11156718.032166 9265314.115977 13083401.417067 7654932.742911 14956028.000008 16164994.660699 6436809.693216
0.272707 11316021.119054 9395057.205713 13241404.960637 7783990.101146 15107922.080943 16301628.169433 6555622.872986
0.276279 11592108.446239 9656730.196867 13521115.272699 8047710.927213 15333265.280920 16549024.350898 6774798.622715
0.279899 11884682.824818 9952614.388357 13829963.412084 8301535.385869 15612254.924062 16799293.830690 7004500.306449
0.283329 12138727.141932 10200054.957280 14085268.069998 8515068.576173 15884092.785232 17036014.597521 7226250.831114
0.287265 12443708.615334 10499504.446916 14386702.058337 8762947.896740 16165246.006666 17307168.932138 7485667.165944
0.289900 12645044.111007 10700037.589878 14587444.999681 8930590.559932 16353740.751821 17488408.751699 7662310.976061
0.293481 12945456.529583 10974696.320603 14862095.183345 9160598.004811 16611048.246197 17734351.323799 7906218.120373
0.295659 13122072.114269 11153850.070966 15040617.393604 9308224.026333 16766465.091294 17883732.753753 8056742.081683
0.298272 13338589.622962 11351529.472935 15283182.870140 9495233.590139 16954065.668827 18062746.438199 8239510.267227
0.301349 13595258.590446 11577765.128156 15508761.527208 9717123.571834 17202511.296585 18279989.213609 8457302.705477
0.303755 13793004.773259 11760150.325371 15720387.725798 9891466.689384 17382737.658540 18513496.951727 8629304.243513
0.306757 14027331.110218 11989282.604188 15985148.977890 10097970.673972 17696243.281354 18838207.627925 8846010.594950
0.309831 14286248.318190 12225544.933231 16253005.830608 10304232.743672 17957600.546885 19170607.833517 9070329.754680
0.314787 14715878.201988 12629365.881839 16666991.983858 10671385.766629 18395947.448484 19706306.984702 9437136.269113
0.318292 15005374.213377 12902599.200269 16951792.341153 10935977.070352 18646206.191823 20085013.760795 9700394.121582
0.321305 15258462.189085 13132200.160820 17212695.369906 11165090.626085 18889656.422318 20410461.527231 9929246.448387
0.324241 15495943.328111 13369306.257509 17457818.099472 11389823.956332 19106902.599413 20727504.488839 10154518.652693
0.326199 15656084.873552 13526372.549525 17610318.795116 11540504.512931 19251613.151071 20938890.749303 10305996.731391
0.329757 15954188.482099 13834145.915721 17890747.943532 11814226.721264 19545468.258263 21322916.648841 10583809.586596
0.331942 16138591.637151 14010283.063294 18071033.268454 11975263.753361 19714713.593620 21558689.011479 10756050.438819
0.334030 16319788.959248 14187036.656410 18246105.281653 12130036.054710 19876345.958692 21783951.277459 10921807.157811
0.337596 16634635.036229 14485889.805667 18532119.476293 12396361.208546 20152167.437337 22168569.334946 11207523.910714
0.341024 16952871.494649 14777474.308281 18817968.068011 12654751.758313 20422577.869256 22538188.732457 11485311.906379
0.344232 17232587.096641 15046265.470165 19098859.718434 12908676.140081 20683090.172440 22828220.659759 11748052.341481
0.346811 17449024.746018 15259618.111904 19326966.158960 13120296.792228 20899268.809055 22987385.849317 11961227.364919
0.349914 17714073.665885 15505037.213903 19584096.737649 13375451.373003 21213726.641553 23177913.272216 12220021.505754
0.354002 18058091.765569 15835294.478760 19954868.746569 13696444.555455 21529511.506328 23427316.473590 12559735.318982
0.357228 18330971.546690 16095862.560196 20235871.882992 13953533.881357 21835013.078800 23622863.098820 12828603.216828
0.360760 18651032.853562 16411247.289888 20538804.530415 14273820.196790 22154147.618747 23835697.292311 13125905.635552
0.363942 18927109.009542 16694614.540407 20819319.522605 14537171.594268 22465658.601676 24026329.160930 13396371.905312
0.369501 19420078.607889 17185739.724513 21311931.340993 15035719.279504 22985625.031085 24616731.783799 13833205.035062
0.374012 19821201.794531 17563368.309366 21721179.993881 15436999.786304 23391027.568150 25140685.949048 14184078.066170
0.378766 20246654.323561 17958410.226849 22124329.135751 15827333.254423 23756273.765289 25694779.373890 14557834.154389
0.381364 20484688.542098 18206977.646163 22339392.243551 16046797.931789 23963223.983243 25998408.372606 14768596.919848
0.388675 21112066.762985 18810221.098986 22933579.324992 16681190.837805 24597479.714910 26855943.732769 15426012.402160
0.393808 21528000.851127 19231716.040452 23347490.017306 17131701.761945 24979520.294076 27460718.026985 15895377.488813
0.398175 21897442.926120 19629089.251813 23717029.644011 17518286.802249 25386761.785193 27976980.337848 16276728.448507
0.401100 22172980.636685 19900520.140109 23983420.611020 17778376.327596 25699680.038162 28323658.086708 16512172.353982
0.403714 22387691.109965 20134578.794652 24222624.893919 18005013.621082 25979550.880193 28634074.091617 16723645.979756
0.407609 22723674.168917 20450525.183996 24564381.102561 18344664.377776 26371083.854802 29097652.991970 17040610.817449
0.412824 23175522.376819 20961403.305391 25049016.612864 18803063.775230 26840754.188577 29720276.877732 17468466.129004
0.417765 23605156.541101 21438908.757052 25514119.903085 19241213.230101 27327079.664345 30312219.918585 17877497.969972
0.423618 24136113.582695 21944257.881961 26055097.728900 19785845.717147 27900528.164355 31015957.692576 18366615.493823
0.428437 24567381.563735 22357166.120789 26492674.779340 20228097.457893 28302980.014987 31597417.373227 18773046.590350
0.432238 24897561.260341 22721547.005927 26832009.608265 20599685.650790 28667786.316199 32057337.800313 19095984.172975
0.437027 25321390.362729 23145657.033093 27288026.816331 21004602.366972 29149501.697302 32638416.704905 19505823.101538
0.442907 25846837.177543 23741523.849764 27833622.783586 21528050.647306 29740456.463052 33354310.002808 20013528.892274
0.448860 26411510.876960 24268244.679922 28416021.852384 22083438.564234 30343255.470208 34081802.423859 20538600.297976
0.455284 26980874.631614 24854122.261533 29007198.799316 22688700.197668 31058461.997227 34800708.615415 21130377.968389
0.461518 27566499.589136 25418390.299468 29551819.784283 23352290.370893 31703864.704984 35466868.498795 21711600.377302
0.467240 28107863.093653 25914409.789234 30088785.508595 23872682.241864 32333498.727527 36078079.892196 22251099.220828
0.472033 28528882.370996 26320140.440003 30569555.216393 24329922.215665 32855312.942180 36589885.398673 22707429.335598
0.476736 28964155.405330 26769357.848398 31043575.220209 24754179.789122 33381177.697622 37091929.668874 23159103.572579
0.484266 29641417.765893 27440407.038975 31797922.639429 25485903.512055 34214370.167292 37895448.225307 23890339.253631
0.492155 30386762.698946 28162658.267053 32579123.591328 26184022.229523 35089548.216744 38736875.184255 24667057.505165
0.499968 31101598.402939 28819046.021111 33393389.294511 26807752.823420 35958546.643657 39569799.117220 25195199.349082
0.507739 31847581.548740 29514619.336649 34220014.654862 27466366.094787 36825067.084244 40397859.956180 25935390.137768
0.517242 32806573.903006 30292752.213883 35192231.627660 28272206.382821 37930044.944447 41409965.138788 26852578.037831
0.525860 33641993.561123 31113079.508433 36087042.663595 29071440.862142 38889554.113093 42327334.096847 27695057.101237
0.534675 34470915.103919 31929966.799490 37016528.839203 29789784.533720 39897651.307510 43265208.898383 28377443.489938
0.548223 35783846.474749 33071648.248348 38475287.614066 30793980.879962 41381947.484370 44705755.284600 29303341.590236
0.558300 36750162.549059 34073652.926613 39564056.905884 31655364.025809 42514514.840337 45776542.551216 29886849.501603
0.569451 37850712.942170 35036462.451487 40731133.548721 32497351.560580 43786912.373984 46960781.358885 30491295.795843
0.581159 39028465.990901 36167198.295105 42060404.005877 33340340.936677 45248704.217951 48203428.704340 31123943.228689
0.600079 40900716.011520 37862514.552861 44292730.759022 34812951.041022 47671762.171807 50958790.375508 32062488.876514
0.615085 42466367.172306 39231501.787439 46055164.435416 35775258.691959 49493643.786859 53226145.514809 32942840.277249
0.628305 43835500.971710 40400115.806278 47505453.203701 36681825.453293 51032273.615841 55205162.729542 33642619.877995
0.645491 45568515.654252 41819164.879126 49558537.169843 37875584.969623 53005614.496294 57752875.642876 34544500.478443
0.668745 47914946.261298 43828589.864070 52088319.841505 39218290.381941 55905684.684051 61156854.903308 35751244.127054
0.691114 50155962.662432 45607844.524347 54663560.516703 40478085.965992 58784630.448872 64386372.608792 36897955.936449
0.717107 52690334.231921 47694207.833431 57613085.286055 42359591.700663 61866548.473280 68086441.388202 38115961.064367
0.748753 55804040.817181 50144775.248879 61426951.160231 44186231.390300 65686224.617640 71828888.564156 39563268.946372
0.783272 59186238.868237 52777716.851940 65414232.813014 46409094.577031 70050707.506711 75805949.447893 41112026.951590
0.815212 62238761.708488 55281400.493253 69015785.396895 48199877.861141 74185577.178592 79399497.191771 42518896.681359
0.847567 65247172.195433 57684616.440754 72607087.354163 49979402.588341 78318923.099816 83339412.663361 43919867.212884
0.874722 67900563.894593 59566306.931012 75604963.611055 51450975.528298 82014609.207943 86831950.256988 45077859.861244
0.923578 72471611.533456 63156249.883608 81166576.504130 54051015.492568 88531893.465938 93019830.334712 47122695.278167
0.967894 76697673.334238 66254617.063455 86038444.419054 56359807.677811 94199388.039621 98780912.221788 48937268.452211
1.020452 81462777.761439 70105286.393797 91888926.230331 58893675.355419 100708310.722699 107242173.736744 50732232.769785
1.075593 86388940.852294 73824578.009069 97777581.744536 61269705.132641 107986898.674462 115447320.186537 52288250.458818
1.165719 94032107.381709 79248730.440456 107749749.470741 64828363.078093 119833345.937937 129975866.727024 54701955.500041
1.249018 101439661.659782 84275477.630491 116719618.655006 67894691.435795 130730934.335241 143529090.017422 56806086.051994
1.323169 108252854.596589 88675362.268750 124873020.848121 70439656.430233 140299291.292850 155689157.737484 58588554.002427
1.434060 117248735.087274 95259111.112656 136922481.119560 75001042.778565 154781968.714168 174251659.159081 61113453.219753
1.575949 128832953.874726 103427854.228290 151892719.321531 79777544.218761 173824915.753988 198617437.519125 64130017.910701
1.733672 141353097.309184 111659608.893385 168335082.407508 84067644.540972 196142097.644537 226216044.249198 67243010.035060
2.000191 162074053.618829 125060041.645188 197338330.220358 91575960.489227 234709202.941194 273964086.994660 72032188.258178
2.378460 189979688.259425 141242143.130384 237112750.671590 102104048.543182 286592035.538297 341846554.278015 78035273.130528
3.052104 237026341.552740 168707414.202596 305197911.408672 115021420.372033 382368647.419771 466354395.023718 87083386.892086
