0.014011 4198.901778 2503.400054 8624.114242 1827.182368 24926.890435 70052.274193 1362.380836
0.021348 13798.602908 8573.120437 25070.705715 6297.806765 63222.815802 152086.844586 4815.348936
0.028714 31750.067675 20292.701639 53676.906320 14975.788530 119811.889075 262467.893130 11711.202682
0.032046 42985.956565 27848.096919 71424.773795 20631.270554 151262.911187 321253.698816 16276.258229
0.035762 58135.608361 38166.416422 94866.857267 28362.844910 192458.113902 393152.356604 22615.761690
0.038120 69494.817012 45862.317046 111962.795820 34151.917961 219958.464321 441885.374573 27387.583275
0.042050 91051.438967 60781.344123 143719.965793 45395.999611 270748.080272 527200.063128 36719.536662
0.043607 100831.789273 67537.080650 158204.536820 50596.523772 294018.695834 562838.550542 40919.750310
0.047027 125645.263273 83818.022924 192591.917974 63245.135211 344679.469349 644731.203028 51240.198455
0.048955 140364.298846 94238.059220 212716.977160 71119.985619 375975.676896 693063.181266 57755.068663
0.051650 162789.894568 109983.257269 245639.994167 83025.816404 419910.187725 763210.062976 67751.105368
0.055421 198235.111217 134984.658311 294824.791111 102170.765937 488042.195397 866371.626024 83575.598037
0.058541 230962.579882 158428.786001 340825.563930 119899.563321 551290.535647 956087.281613 98385.801854
0.060366 252138.229198 173205.317089 369584.801942 131146.392044 590261.847005 1010377.803979 107806.884046
0.062829 282100.868187 194849.700315 411238.702050 147394.605124 646037.149011 1085731.859636 121443.759058
0.064839 306665.390997 213427.921162 445559.921971 161594.933110 691875.029268 1148806.581658 133367.417875
0.066764 332638.438914 231709.509590 480056.877917 176012.298123 738155.375946 1210477.627559 145472.707812
0.068302 353757.949319 247224.748195 510111.531963 188120.976777 776231.370298 1260631.087651 155639.111904
0.070429 384700.135646 269739.740886 552443.140290 205752.320072 830504.554465 1331269.325657 170441.667024
0.072648 417403.574068 294478.527000 597415.659108 225270.619525 889130.938853 1406529.515698 186827.594662
0.074513 446038.273540 316277.567169 635624.646157 242587.210840 939994.591103 1471009.305520 201364.474815
0.077244 489888.003609 349463.352424 694058.365169 268771.512353 1017107.053620 1568843.516182 223948.501417
0.078257 506539.162828 362308.009160 717305.312082 278888.914474 1046507.510612 1606666.246766 232726.455488
0.081188 557083.707727 401138.564438 787138.672326 309517.183004 1134013.791853 1718239.735704 259379.166381
0.083992 608240.394991 440493.102430 854437.603044 341104.317812 1221134.163815 1832718.493283 286668.243399
0.085581 638318.693642 464361.730156 894906.430703 360716.917264 1271988.468931 1899240.700778 302931.783922
0.087143 670682.696788 488293.020380 936689.177119 380713.841240 1323028.200678 1965377.288497 319494.723762
0.088940 706865.646860 516406.792820 984234.207640 404215.328885 1383037.064597 2042370.626266 339268.151242
0.090791 746181.502716 546490.845434 1033980.545973 428087.576476 1446296.284119 2122684.169127 360454.419042
0.092412 779979.708994 573749.472180 1079961.976161 449717.061221 1502904.261005 2193850.837467 379702.884999
0.094023 813553.600423 601577.514536 1126856.613188 471892.193149 1560284.327077 2265343.325722 399486.393843
0.095600 853266.345617 630700.419252 1173816.597269 494263.858286 1617538.485613 2336060.612578 419493.736678
0.097021 885334.019434 656011.330756 1212093.926548 514992.737769 1670050.346882 2400400.204273 438073.569193
0.098712 924256.373070 687423.639958 1262471.361829 540373.628585 1733320.981691 2477723.162377 460875.405837
0.100625 974937.147189 724687.351582 1322683.096740 570033.754608 1805958.738670 2566184.410630 487591.367363
0.103632 1053654.662193 785280.642052 1420182.581111 618723.454705 1923305.258334 2701341.751603 531601.664583
0.105773 1109400.127583 830216.021086 1492678.092740 655548.924878 2009224.138882 2798879.190579 564471.463027
0.108187 1176195.255016 882823.339174 1574985.138312 699623.279263 2108467.504437 2910439.854484 603097.485373
0.109395 1207610.165029 910764.756852 1616867.144148 722386.747602 2159075.011603 2966893.773816 623059.633847
0.110789 1246543.986984 943690.358274 1668423.181518 748807.969160 2218259.382900 3032557.519974 646627.795207
0.112341 1288971.194198 979904.069408 1724793.483067 777772.532592 2285142.484459 3106313.273112 673546.132184
0.114494 1356012.814042 1031191.222965 1801757.787329 819889.024811 2379657.029802 3209757.749456 712089.543971
0.116556 1418705.899440 1083441.801378 1878279.420709 861317.727638 2469524.023314 3310051.396802 750333.188170
0.118250 1474541.051963 1128887.101266 1944539.709978 895646.853030 2541004.600780 3393737.638243 782740.173696
0.119558 1520689.445145 1163139.240654 1995112.440113 922733.010276 2596871.997953 3461550.871647 808381.044892
0.121239 1576866.883286 1206139.277782 2061753.192574 959198.435700 2669533.726883 3549547.480545 842134.610035
0.123109 1641948.601459 1256533.766329 2140180.817316 1001392.550746 2764614.176098 3648551.423223 880754.630404
0.124832 1698703.364839 1306091.272851 2212329.270729 1041289.180115 2861372.401188 3740777.300057 917338.688841
0.127309 1785803.388639 1375702.224772 2314226.111480 1101146.692820 2983322.226923 3874666.990650 971482.123859
0.128920 1843540.048086 1420170.134786 2383405.984515 1141546.172244 3063452.211066 3962532.038192 1007673.541249
0.130170 1886731.125292 1457522.337081 2436455.069965 1171864.976360 3126150.592236 4031131.773310 1036291.008273
0.132750 1976346.116797 1536334.222273 2546756.955891 1236655.618876 3257003.736778 4173885.613578 1096853.040016
0.134449 2038761.266193 1589506.073722 2622706.716666 1280088.940674 3344392.405735 4268743.984343 1137846.012266
0.136621 2125142.036186 1657784.399030 2717051.714930 1338061.782646 3456965.350206 4390988.147868 1191551.166568
0.138163 2185092.345093 1705893.806057 2788231.700507 1380088.297138 3537827.265792 4478436.540851 1230572.530095
0.140144 2258739.941617 1768725.024834 2883383.581315 1433840.911360 3642715.695197 4591582.636799 1281113.023185
0.141690 2320885.033358 1819101.868999 2957238.936147 1476496.638868 3725355.372849 4680506.338069 1320908.524098
0.142881 2364614.428291 1859198.942397 3013423.810601 1509970.214516 3789485.918749 4749381.503955 1352055.234401
0.144091 2413005.852963 1901099.888572 3072199.575872 1544786.574170 3855054.797515 4819684.337254 1384137.441312
0.145765 2478364.974654 1959634.909252 3154393.257817 1594764.224174 3946455.924508 4917490.558556 1429255.541156
0.147798 2564671.328102 2029152.827644 3254854.794911 1656658.069918 4060707.412965 5037117.362019 1485202.480896
0.149188 2623198.443246 2078693.798382 3327328.111124 1700053.554536 4141492.151504 5119439.454147 1524187.764427
0.150998 2702251.360880 2144178.889772 3416264.784055 1757426.919330 4247407.916293 5227278.919410 1575852.182716
0.152685 2771276.910325 2205833.762377 3501957.035744 1811971.227954 4346857.836243 5328441.936022 1624928.163768
0.154606 2854543.214952 2274210.788511 3602443.833385 1875348.771259 4466100.927790 5444398.884019 1681903.377833
0.155901 2911446.356255 2325612.862825 3671004.316758 1919023.921451 4547993.945852 5523024.344062 1720972.617088
0.157498 2983512.420850 2384860.053773 3753511.395571 1973831.700462 4649843.374370 5620488.597170 1769890.471063
0.159494 3072350.987580 2461544.897170 3856576.046882 2043601.696002 4778471.213215 5743081.092910 1832182.918735
0.160977 3135558.365606 2521769.621316 3935613.549367 2096358.614542 4877596.948202 5834722.262351 1879300.335728
0.162532 3204960.811717 2585869.365562 4020643.298531 2152523.564152 4984822.058016 5931319.979228 1929475.003587
0.163981 3271148.951835 2646480.701118 4101042.799886 2205117.700426 5073020.934113 6021798.465386 1976942.798590
0.165056 3322933.370305 2690908.166758 4161238.889368 2244596.066516 5144696.839743 6089212.777891 2012605.790270
0.166608 3398399.076217 2758192.382235 4248970.613506 2302952.290225 5248931.007671 6186973.124326 2064768.522915
0.167840 3457767.588964 2807319.176538 4316654.224035 2349916.780002 5332307.611441 6264939.625917 2106746.994137
0.169948 3557452.197819 2899159.558797 4434560.884583 2431597.857093 5476268.609668 6399085.149093 2179753.110726
0.171670 3639485.335535 2978779.776427 4529257.034961 2499569.433188 5582212.531483 6509358.833266 2240502.701679
0.173271 3719231.780263 3052737.414301 4620298.275964 2563777.854129 5689866.528374 6612439.346752 2297886.502042
0.174929 3802842.948498 3120005.262847 4715217.937087 2629786.277860 5806846.572250 6719751.556411 2358236.023430
0.176470 3879106.120916 3190157.171947 4808706.241688 2686085.747230 5914164.448931 6820001.487357 2415173.616426
0.177758 3946083.288752 3250322.609305 4881396.751708 2735317.303073 5995075.321626 6904168.330831 2463392.535204
0.178642 3993103.911071 3290041.176026 4931556.439932 2770430.086010 6051918.717665 6962132.458809 2496819.969108
0.180880 4111447.254922 3391765.991709 5059524.609066 2860448.958798 6216391.504834 7109594.631285 2582665.820080
0.182493 4196164.312004 3470694.902462 5158564.272064 2926332.319989 6336305.060019 7216509.434462 2645627.085188
0.183760 4257356.414236 3534544.506595 5237488.997357 2978675.354749 6428206.817923 7300861.128434 2695726.483133
0.184942 4320835.536629 3595259.981286 5303264.904777 3027978.088020 6502722.686638 7379847.126239 2742977.954689
0.186266 4395443.208606 3655199.544527 5391618.194544 3083745.621187 6586220.891155 7468657.257276 2796496.710166
0.188417 4517303.307953 3756397.524220 5522979.478443 3175571.882507 6737626.139717 7613692.368995 2884782.359280
0.189484 4577074.679772 3811686.533645 5586348.685492 3221686.914192 6817403.486955 7685981.091058 2929194.062363
0.191703 4706889.826948 3931618.444414 5732528.975216 3320522.122650 6961151.813050 7837045.297303 3022875.342288
0.194026 4831062.897188 4053508.264426 5876661.047604 3422244.541688 7114009.039547 7996238.527873 3122869.195948
0.196297 4960634.871386 4177924.340269 6025178.922333 3530280.636487 7274485.565461 8152900.072893 3222539.454635
0.198147 5064881.271299 4279585.204660 6151990.215012 3617872.573300 7400677.710163 8281269.906291 3305141.820082
0.200157 5182967.701369 4392049.063648 6289157.167237 3713655.502443 7538784.269296 8421502.112885 3396331.667423
0.201787 5284422.453491 4474427.391151 6398076.511603 3792325.505850 7651544.458155 8535801.683017 3471392.015953
0.203383 5382699.952532 4557559.111810 6504365.998987 3866744.854578 7762613.535400 8648217.542971 3545855.604176
0.205603 5520937.110205 4678090.086271 6648341.528838 3971652.372812 7918193.146541 8805405.647906 3651036.143726
0.207939 5656440.053648 4815307.453484 6818801.263236 4090119.367431 8083261.815923 8971833.030093 3763739.851445
0.210218 5790199.570656 4948009.294735 6985097.802791 4211242.118261 8245642.625001 9135208.320463 3875711.047684
0.211580 5882801.648556 5026961.545914 7082161.151681 4285853.927301 8343316.606317 9233320.055018 3943585.532785
0.213199 5979294.176399 5118512.544323 7198347.172422 4373011.819309 8460033.074635 9350404.091556 4021599.205281
0.214783 6079304.691764 5217100.921324 7310172.904693 4460520.866402 8574868.612582 9465438.277233 4073975.244323
0.216642 6197408.734469 5329021.121758 7442980.641184 4564603.866359 8710449.526199 9601048.754519 4135768.101369
0.218223 6302038.356488 5424975.259853 7564473.099952 4654301.910898 8835604.573485 9716892.050613 4188594.649664
0.220227 6432768.192375 5541907.307695 7705384.768849 4769566.198847 8988748.067102 9864403.832545 4255916.448459
0.222416 6580656.889045 5680298.151052 7860678.636854 4897485.289936 9142090.809203 10026391.425098 4329913.394103
0.224478 6722055.091864 5810675.843830 8010142.993425 5014220.025246 9291502.212090 10179797.118401 4400055.410617
0.226558 6866776.992302 5939639.235937 8171050.242259 5131792.750496 9460532.538355 10335340.815618 4471238.995330
0.227431 6926125.517737 5992991.562489 8236139.680042 5178413.322238 9537097.008212 10400862.561382 4501243.689810
0.228309 6987563.874714 6045407.036330 8301015.134432 5227593.748405 9614358.770100 10473111.714675 4531496.490622
0.229550 7076653.744893 6122541.153183 8397241.463283 5297797.895074 9724005.997498 10580326.389183 4574387.241262
0.230833 7171507.744793 6205222.494397 8495159.056671 5370938.099967 9837908.521359 10691687.278242 4618889.685587
0.232892 7317573.820506 6352972.162392 8653460.428303 5503535.113928 10021858.884226 10871501.763295 4690648.106064
0.234414 7430359.455412 6460328.967033 8771394.746064 5601070.771518 10158748.564753 11005288.992160 4743959.705362
0.235886 7543058.141575 6552618.743711 8886197.890665 5684516.678855 10286353.818464 11135383.407886 4795736.286866
0.238536 7734923.077154 6735601.386716 9105468.203266 5836488.533896 10499944.679514 11371327.259731 4889482.957013
0.240048 7841412.848371 6839398.923753 9233887.886158 5930667.545028 10636232.500619 11506949.185047 4943278.857537
0.242674 8033459.308114 7022443.370731 9443198.003811 6095478.797389 10864545.676969 11744218.533233 5083248.659832
0.243935 8128929.274762 7117446.305074 9538879.745321 6173169.030805 10975770.341283 11858931.980684 5159580.115032
0.245691 8265476.591139 7251042.989429 9674127.258233 6287260.274196 11139291.898310 12019514.716967 5267112.611900
0.247698 8418269.857939 7387317.431191 9843122.644408 6419167.583082 11310854.207463 12204245.739814 5391790.260266
0.248827 8500129.285274 7462510.743464 9944720.258963 6494651.601363 11403416.699389 12308635.345564 5462716.878993
0.250495 8629993.420537 7587754.443635 10086155.012230 6609152.103838 11542776.710830 12462954.000570 5568276.244384
0.252353 8766420.222770 7720135.895805 10236325.438025 6737496.298527 11699710.928053 12634942.725139 5686925.749797
0.254969 8966414.654848 7905349.012120 10447144.520077 6919630.339767 11937201.005354 12877259.708529 5855888.954993
0.257665 9182321.879887 8094479.083371 10671144.782155 7109081.981451 12187572.203655 13127184.456259 6032361.071045
0.260423 9392175.353025 8289758.380314 10914529.070299 7312026.430387 12444307.467288 13383062.129967 6215358.562753
0.262968 9596794.952965 8474173.902492 11140600.458847 7503446.077711 12681754.725944 13619360.945452 6386443.111655
0.265133 9769173.131164 8630619.356083 11336348.506247 7644868.720693 12884152.888449 13820514.137343 6533664.428705
0.268438 10040743.383260 8883592.663036 11607131.820757 7883783.289021 13188678.319180 14127826.455621 6761396.619085
0.271673 10302277.667332 9134293.754268 11880718.769785 8116480.986828 13471808.429133 14428908.098181 6987815.570448
0.273399 10447678.723595 9263824.183118 12028912.073193 8245667.664518 13637665.561238 14589658.559604 7110043.744256
0.275449 10624913.322294 9420755.962107 12217944.552353 8400301.221874 13834811.888748 14780684.693713 7256507.370301
0.277995 10842891.458027 9616830.088347 12447059.888146 8591439.875267 14079890.651781 15018079.984999 7440364.003385
0.280603 11055488.803428 9831922.458481 12683200.761326 8777214.311750 14331202.747800 15261427.413028 7630950.252727
0.283015 11262861.139511 10006140.103737 12891334.576612 8963724.374148 14560015.631823 15486639.310855 7809247.408610
0.286018 11539244.112955 10233539.763740 13173794.572237 9184369.649785 14848197.771690 15767237.210520 8033970.919185
0.288593 11762243.174890 10446801.079785 13419273.144959 9387488.696682 15081086.866558 16008021.322599 8229091.736920
0.290763 11958150.364886 10628437.501815 13618406.187009 9553348.714837 15277266.313912 16211061.214910 8395267.080466
0.293281 12179204.812326 10831851.679571 13859792.187806 9750396.531981 15504815.328393 16446806.454992 8590095.188056
0.295567 12373741.746053 11019700.832240 14072126.268207 9936232.066819 15711314.358955 16661798.590616 8768840.550724
0.298708 12641928.250756 11266673.345400 14371790.285209 10189371.390285 15969427.861040 16978865.957678 9017346.473508
0.301393 12881531.706203 11496210.546805 14624722.584611 10409913.760705 16235517.055597 17250833.407719 9232449.644028
0.303616 13085952.227116 11687507.842398 14839992.088688 10594193.762606 16440090.359852 17476649.729068 9412410.781680
0.305692 13274695.244359 11857125.604224 15036234.267705 10762745.975462 16648463.756823 17688058.916666 9582004.746151
0.307840 13477017.439314 12033218.531184 15235719.154546 10934535.355402 16864266.365649 17912560.581341 9759042.279628
0.311211 13775038.422521 12314386.409114 15562454.834957 11217470.869586 17203351.880863 18271837.889989 10040088.853804
0.313658 13996396.239305 12528353.691468 15779572.879595 11416098.373807 17428229.965409 18533288.887577 10246561.946910
0.316041 14208022.902113 12735977.355332 16008018.883941 11611273.158699 17647062.495683 18788425.960787 10449630.328818
0.318955 14472817.614062 12997022.234913 16273090.628841 11852278.076474 17903195.844228 19101113.571380 10700630.375393
0.320735 14645269.060268 13150336.266078 16426972.979843 12000762.553725 18101635.355875 19292493.173018 10855407.281055
0.322731 14842864.187130 13334009.435013 16630159.296512 12163951.464995 18324651.283039 19507433.975243 11030281.156698
0.325398 15095780.817117 13555596.198082 16904644.972939 12375799.654475 18586831.844309 19795186.283814 11266116.784582
0.327662 15301570.629492 13755569.838943 17116988.312790 12570657.518006 18790231.398872 20039952.501786 11468271.694665
0.330228 15530209.949195 13989595.901549 17382132.258354 12801199.459150 19020742.565550 20317915.140372 11699568.135040
0.334234 15911641.395599 14368582.110146 17766045.688226 13158223.625096 19380570.328325 20753019.505452 12065297.883313
0.337006 16193702.526823 14619015.142236 18030060.551902 13402793.530294 19648997.789034 21054912.664858 12321684.308074
0.341116 16585964.951705 14994378.127572 18428787.221826 13769746.851521 20067057.628116 21503745.716573 12706830.613433
0.344297 16880291.108500 15293605.440263 18752974.426794 14057315.270616 20391560.264795 21852121.072722 13009037.169215
0.347110 17160745.291992 15553616.480450 19054043.170461 14314207.420375 20679199.658460 22160911.315648 13279283.373306
0.350528 17495115.202912 15877216.323536 19393834.215928 14629628.521111 21029552.549067 22537014.053321 13611452.529129
0.353241 17753430.768184 16129897.308391 19674454.673944 14882554.608612 21308301.088219 22836240.054847 13878083.382923
0.356614 18099509.935515 16449993.660057 20019694.100219 15199663.783583 21655670.589527 23209116.182555 14196426.154497
0.360130 18444768.436058 16801108.393825 20377943.211730 15525961.576505 22018715.225712 23598804.513217 14514809.987211
0.364319 18882116.797309 17225237.529709 20806919.215801 15919116.772078 22520644.542469 24064411.076830 14858360.965722
0.368843 19367421.502153 17667289.363705 21282672.993201 16369440.873048 22975739.696993 24568861.006890 15233427.081798
0.372924 19789710.534267 18078758.034056 21715824.296283 16785774.408285 23384854.911055 25025334.649061 15575361.992770
0.377314 20266168.784133 18515807.432818 22204896.009296 17226681.181699 23822337.614859 25517862.480609 15946991.059288
0.380500 20602480.225564 18836851.245881 22540249.119133 17550430.870634 24144267.985335 25876270.532427 16219163.861855
0.384344 21026249.900258 19216389.898552 22939860.398119 17928581.202747 24559805.830809 26309767.816280 16550307.064521
0.388893 21533129.126534 19656023.030470 23432434.794439 18371854.731413 25064807.873232 26824267.109271 16946077.093697
0.392610 21942763.263096 20060258.812889 23836569.092565 18733374.770046 25456927.463792 27245861.705952 17272592.631906
0.397077 22409557.807733 20535903.439532 24326852.317135 19213913.081665 25943741.483301 27753935.426158 17668712.436010
0.401767 22917156.335025 21054179.368160 24844828.928740 19655728.616299 26456354.378584 28289018.161658 18088974.427318
0.405804 23344501.153192 21473942.019789 25295603.952822 20071592.787104 26898812.394203 28750938.771641 18454301.272265
0.410249 23846694.191782 21933735.015078 25734958.580185 20544482.325988 27371024.551455 29260964.732048 18860376.038737
0.417136 24654293.121189 22694287.985943 26499196.430912 21287882.971848 28146752.308593 30054104.555734 19497451.360817
0.422754 25320363.045030 23297782.724762 27155234.188373 21881856.192167 28752713.420891 30704918.335066 20024250.943004
0.428519 25958349.044266 23953776.076528 27835761.326349 22492467.900823 29398894.389434 31389313.631833 20571468.829416
0.432461 26408343.250005 24406402.466383 28275092.258190 22939319.950468 29895791.118631 31859090.665123 20949510.279669
0.435868 26816333.333471 24807481.264181 28658616.310684 23329193.304422 30292283.264943 32266280.593518 21278770.673339
0.442140 27532039.881053 25532928.888280 29392135.916251 24042717.254678 31103674.758450 33018700.308546 21891029.652664
0.448661 28338523.821553 26302199.966604 30144247.003929 24748434.450586 31847756.027600 33816953.870188 22535993.590877
0.455329 29143050.568257 27096566.290442 30934625.687553 25526580.298157 32532685.430798 34705687.511474 23204337.818354
0.460138 29740744.041868 27654704.302179 31525362.070326 26090089.351559 33140769.745667 35246677.608444 23691893.219704
0.467770 30678794.512467 28586280.711750 32447183.553537 26954161.112023 34137635.302573 36130689.537427 24475176.573948
0.471283 31131295.544630 29017652.172310 32895647.099909 27334380.932055 34624456.773527 36561826.716995 24839642.689221
0.475580 31665426.455722 29560863.045231 33423779.486360 27839780.322434 35178149.371564 37090661.880766 25288805.192158
0.481912 32462600.544086 30339425.329322 34228674.930109 28499168.317269 36029750.933529 37872896.007901 25957413.145668
0.488405 33255280.568189 31118250.304847 35071929.026984 29295168.454276 36873119.332852 38723535.219769 26651336.881257
0.496507 34270871.858327 32128675.676672 36162982.025041 30131698.383030 37988312.050279 39905973.378989 27528999.941975
0.504396 35280883.033406 33070863.692158 37234670.278040 31079400.049986 39116893.616523 41059637.292877 28390541.807648
0.511521 36146780.295511 33949758.716770 38195355.150044 31910293.669731 40150789.734694 42097419.180078 29158165.189971
0.517301 36906562.301618 34627106.681926 38951503.343319 32537333.398550 40963932.134869 42936448.260861 29784739.494248
0.526739 38102548.038623 35812102.302257 40252347.945185 33632937.709818 42329369.323724 44301089.690572 30815226.608271
0.533149 38940585.812807 36605530.463547 41074913.489684 34423487.342506 43239981.898448 45224169.214779 31520278.940042
0.540438 39854032.873261 37485630.062816 42057556.449473 35245133.232819 44221943.714816 46270218.373374 32327065.741304
0.548191 40866340.202152 38430631.456385 43058936.493062 36115479.745359 45212760.506958 47378708.767786 33191069.884229
0.558151 42134766.989902 39646561.285245 44385683.100528 37193788.200388 46629229.106122 48796592.387211 34309819.701413
0.569882 43636882.657422 41025579.737576 45979208.869036 38450013.120966 48332880.397324 50457912.527464 35640066.529408
0.582109 45232340.622174 42512369.335509 47644579.042413 39858516.115589 49990213.816874 52179734.177706 37040881.971436
0.592998 46647953.533834 43756441.803731 49078593.396354 41042886.009707 51637824.923352 53704978.356941 38300588.439005
0.606740 48394202.191787 45407617.317503 51033696.892662 42559602.526833 53663151.205075 55655428.689926 39661721.003497
0.617578 49780452.175729 46689705.157887 52462208.601449 43736454.593145 55124986.166155 57325948.254766 40483830.004654
0.629297 51301982.572744 48074528.248359 54029319.723537 45008441.093937 56806519.425177 59129428.526384 41372057.711893
0.642722 52959640.780802 49712344.143318 55884701.130217 46483779.419886 58775003.093317 61191909.045742 42388702.352993
0.652029 54152013.239318 50892388.631016 57215283.711775 47507905.684166 60150806.734994 62619564.856704 43092954.510845
0.658676 55004046.923639 51653720.769461 58114205.344491 48315782.152621 61097031.076506 63638114.138736 43595657.663406
0.673089 56879655.476086 53364734.644439 60181951.010699 49950532.638339 63143737.173689 65843660.639365 44684933.978778
0.680898 57901753.638226 54206316.041698 61270969.007184 50834515.560320 64249816.130804 67036930.895716 45274679.583282
0.688119 58890422.519047 55089973.689510 62295553.977332 51584071.116874 65379607.077383 68139303.776828 45819755.604783
0.701687 60693860.404964 56710194.765538 64171611.591843 53021263.825054 67528208.865708 70207942.976828 46843260.024527
0.712498 62140453.056234 58027576.901614 65675888.667391 54136029.512100 69121519.984066 71853774.091249 47658169.873848
0.721862 63347174.448121 59181669.685870 66937200.400694 55106032.357553 70522904.715058 73277583.321555 48363571.048401
0.734036 64950806.342364 60613836.853968 68639448.038846 56366827.865739 72326903.153071 75219106.854763 49280055.844012
0.758466 68071997.896028 63474078.393886 72078962.863503 58894678.395936 76036666.271259 78980807.318139 51117206.484222
0.778042 70630952.839919 65656512.606976 74885047.452156 60965982.112153 79125603.493228 82255701.182225 52587463.800839
0.800053 73458564.630473 68175110.325998 78060208.261648 63082594.912350 82729342.053707 85949943.722506 54238673.999400
0.817411 75750432.618711 70075095.820572 80534372.859473 64645055.238378 85367439.876554 88872004.922898 55539425.382850
0.834699 77961575.535678 72035758.710523 82962414.548994 66280644.812853 87971069.997158 91789804.492866 56833731.688674
0.855891 80805964.075218 74583285.976198 86038263.781069 68400909.419934 91014388.526139 95376546.501562 58418724.837556
0.879242 83878518.872527 77243120.136634 89559797.845180 70736815.454627 94600644.502492 99341235.204675 60163210.385471
0.904132 87073639.120340 79960599.713973 93254243.226206 73281724.147634 98296900.234916 103581362.817397 62020443.059796
0.927786 90177921.804323 82676191.641420 96711245.115544 75591702.653821 102097636.315341 107624136.213129 63783377.470472
0.956322 93980134.486374 86054140.771878 100836459.720307 78210000.797295 106697703.297219 112518015.782121 65907559.196211
0.984485 97739671.992099 89083771.341393 104952063.771712 80970094.497335 111119705.843315 117365400.975015 68001260.136411
1.013214 101643566.563324 92156958.695905 109161377.928918 83495585.963820 115758459.430822 122327636.711976 70134343.485693
1.052857 106862840.666335 96692696.130160 115086396.571630 86860572.114474 121873496.907549 129203103.535269 73073451.837007
1.085263 111182254.759957 100310631.100396 120044080.405692 89404761.298866 127352350.464044 134846951.520182 75472414.106846
1.132954 117272357.977849 105217359.398403 127367649.055983 93283919.633078 135171608.596595 143190096.668839 78997235.566158
1.184832 124283757.634000 111030296.624896 135483870.801120 97515657.874167 144878255.442182 152334566.382532 82824166.401453
1.256929 134166153.601114 118851864.798565 146705224.520044 103672314.796255 157066977.744225 165667849.093893 87755214.774975
1.345691 146101170.252964 128144579.579292 160723817.417328 111544405.247627 172664287.049646 182279082.975535 93135916.074015
1.443467 159268012.439060 138437730.058008 176295856.887448 119319179.524896 191449917.093823 201209324.581634 98891640.171235
1.555823 174399830.550796 150170487.169771 194261631.817683 127823445.286845 210723145.705897 223971780.693408 105305150.628188
1.714154 195022160.804290 166632903.891490 220221818.239686 139191683.651921 241000431.287462 257618107.881340 114018695.668462
1.923938 224214380.219143 188062159.423126 255319260.888211 152429865.552195 283026571.553142 305073370.953188 124943583.002075
2.216721 262962796.925278 217675193.759316 306059888.206243 173059292.666701 342165107.724455 377059188.046427 137275504.109243
