0.038974 90996.626121 46011.925415 228818.812611 28690.973824 553158.349690 1824583.179923 21152.198110
0.068805 382403.261219 224626.995801 740769.204781 147457.025632 1380990.310102 3301831.912230 115703.447819
0.087586 707543.414547 438934.602921 1245977.033494 295173.873289 2115094.251946 4247493.373221 237797.643177
0.108298 1178284.415623 778339.755772 1918924.324960 530076.483963 3079812.127690 5294400.745474 434972.870172
0.125691 1654558.533605 1130594.599396 2566201.128622 802281.962335 3895292.119351 6171447.449394 653337.262034
0.138059 2049455.356828 1423546.814066 3072546.798922 1012803.189641 4520644.693772 6794103.440959 840439.904837
0.148804 2408529.800831 1702889.512959 3515568.714956 1232673.411726 5080949.673677 7334441.834825 1025748.947671
0.165242 3022186.217136 2191173.286607 4297961.018505 1628004.332645 5979328.026516 8160067.548025 1352346.649265
0.182080 3746731.454856 2765014.973927 5174476.659645 2085857.631148 6901097.767002 9004145.530529 1743050.382599
0.189603 4082195.597525 3029737.169464 5575118.580462 2308479.134073 7308240.185615 9392969.328411 1927689.666652
0.200731 4605375.837378 3447920.539144 6176209.328495 2652696.769323 7916260.951642 9982351.932836 2205434.824920
0.210991 5088182.411808 3845326.941152 6719230.258514 2988993.846394 8517667.014412 10518836.303712 2480279.660586
0.220505 5546084.725000 4228978.126448 7208656.096654 3320427.608904 9054916.474750 11010734.398220 2751492.505437
0.230683 6053751.729258 4664376.160199 7782094.098928 3696152.476902 9623721.837910 11531351.516783 3059319.153990
0.242374 6666074.459497 5194966.308333 8449674.224590 4155098.564108 10274411.481826 12122601.337040 3435808.470056
0.253144 7232415.757003 5720679.540924 9084410.454925 4603429.292444 10912158.362477 12628522.104624 3804635.596545
0.268178 8069554.667769 6467694.888303 9955682.943531 5235420.122104 11768151.937387 13325463.624064 4355346.144943
0.278881 8686248.015273 7012407.598962 10631617.601440 5693552.903738 12419323.821404 13819269.892804 4773261.026328
0.295393 9645921.619638 7919467.413999 11660786.302330 6459844.115451 13432879.473705 14723779.184875 5495126.214429
0.307370 10378994.392674 8589174.736064 12374961.332236 7090688.266477 14206661.714047 15397760.687618 6111298.939400
0.320279 11185213.086412 9314596.149689 13195667.370801 7806911.765385 15024391.679344 16269325.783524 6820239.399348
0.335524 12122514.384968 10199519.067188 14162090.624638 8650126.873999 16035351.889376 17207784.118268 7664267.235009
0.343646 12651911.561608 10700519.930402 14682682.371625 9127214.319200 16562073.218670 17692105.857114 8085491.957861
0.357257 13562088.508214 11576141.784975 15578952.285780 9987448.760430 17404230.054798 18497303.764024 8672690.077686
0.368060 14254902.301432 12254383.841727 16305398.783801 10680372.680386 18075420.848809 19127091.983042 9125141.521973
0.379286 14964190.244741 12991352.857600 16982793.823474 11370557.932581 18790379.153141 19855470.881191 9763205.197200
0.394002 15915448.163688 13939388.476229 17967531.062020 12269309.776556 19722203.890566 20954160.678259 10632972.701718
0.412795 17159111.619193 15139408.124335 19184608.618769 13454245.859018 20908750.920266 22333324.280735 11784626.402096
0.427694 18128464.462520 16093614.700133 20167256.389434 14392962.516029 21850916.522983 23365293.272671 12730079.794350
0.445860 19286284.339387 17307041.335457 21389337.157355 15583425.628623 23095637.606568 24687715.946382 13769618.499945
0.465836 20627105.194176 18657135.872592 22694828.063109 16906518.390736 24388334.509436 26118188.074073 14926978.333680
0.481440 21662303.180524 19616379.554584 23743882.859123 18006006.437237 25388153.490962 27219222.602126 15858667.653785
0.498955 22845941.425457 20850603.428662 24907062.457641 19152825.056493 26603874.406672 28444975.184943 16933100.637820
0.524717 24578008.229597 22581822.389587 26622174.273494 20773162.999025 28461529.252801 30206074.812630 18498820.457077
0.552711 26414152.399143 24454847.129201 28567346.074748 22501699.196206 30619172.344579 32568464.338209 19926194.095151
0.587790 28740217.251193 26771457.217657 31052407.027893 24743924.834095 33258281.790571 35229084.286296 21752866.367878
0.630111 31682906.237351 29490419.197986 34104407.822494 27293450.703571 36578414.202802 38415077.858794 24010846.276700
0.673351 34781337.057654 32197310.571400 37360568.093108 29618211.230024 39829483.398495 42379433.250494 26376579.915021
0.727544 38616331.860883 35413721.540868 41750504.235431 32425953.370678 44533209.449514 47702735.209587 27880448.568680
0.803841 43827290.739895 39627191.838028 47771736.590178 35612533.350901 50938591.390411 54601516.219315 29784245.381434
0.883015 48912178.562972 43682167.446878 53907822.206633 38402818.319419 57924598.162452 62099961.386064 33104948.845353
1.025889 57850122.954712 50540756.089918 65083794.479595 44302901.115660 70680496.796195 75279111.794752 37372941.162315
1.235893 69736220.234502 59625898.760109 80209681.131637 50784136.029384 89452961.348502 96079404.615670 42415471.681258
1.735608 95134503.121104 78348031.845297 114945411.786278 63734369.749522 133259432.350647 147347069.328616 52746486.361714
