0.014011 402.199240 337.746901 468.163722 311.751365 501.451944 509.351368 306.432796
0.021348 1413.740595 1187.188979 1645.607433 1095.814006 1762.616382 1790.383060 1077.119100
0.028714 3409.520999 2863.146019 3968.714713 2642.776814 4250.905429 4317.870381 2597.690273
0.032046 4716.344651 3960.551472 5489.869812 3655.717707 5880.220443 5972.852163 3593.350100
0.035762 6514.381857 5470.453617 7582.802138 5049.406452 8121.968221 8249.914425 4963.262109
0.038120 7856.886437 6597.822137 9145.490175 6090.004230 9795.769323 9950.083090 5986.106987
0.042050 10466.764461 8789.467789 12183.412896 8112.964385 13049.699908 13255.273180 7974.554853
0.043607 11635.625428 9771.019047 13543.978124 9018.968091 14507.006501 14735.536874 8865.101873
0.047027 14486.237498 12164.821168 16862.117555 11228.525237 18061.078270 18345.596302 11036.963331
0.048955 16269.947731 13662.692234 18938.373148 12611.108904 20284.963535 20604.514662 12395.959718
0.051650 18985.111913 15942.751961 22098.849953 14715.678123 23670.162266 24043.040778 14464.624374
0.055421 23232.256402 19509.292492 27042.566336 18007.710929 28965.395694 29421.690566 17700.494143
0.058541 27154.244936 22802.783238 31607.798110 21047.709910 33855.232816 34388.557797 20688.629857
0.060366 29624.218019 24876.943685 34482.870156 22962.227403 36934.733424 37516.570097 22570.485125
0.062829 33165.377089 27850.632803 38604.812829 25707.039090 41349.761904 42001.148977 25268.469526
0.064839 36235.432712 30428.712697 42178.386631 28086.690607 45177.430400 45889.115130 27607.523496
0.066764 39330.404828 33027.716221 45780.963467 30485.655315 49036.164156 49808.635917 29965.561169
0.068302 41911.320591 35195.040809 48785.173843 32486.166337 52253.985320 53077.147751 31931.942891
0.070429 45640.617137 38326.718414 53126.110318 35376.806531 56903.578895 57799.986854 34773.267923
0.072648 49731.767310 41762.262684 57888.247841 38547.925531 62004.322514 62981.083014 37890.286710
0.074513 53327.536258 44781.810460 62073.756929 41335.066249 66487.437224 67534.820693 40629.877997
0.077244 58856.467164 49424.731421 68509.484833 45620.633168 73380.769868 74536.744719 44842.331898
0.078257 60986.767029 51213.651208 70989.174039 47271.864263 76036.774411 77234.589576 46465.392510
0.081188 67393.891477 56594.035391 78447.127537 52238.133701 84025.016779 85348.671552 51346.935947
0.083992 73856.241384 62020.795166 85969.363992 57247.209317 92082.112867 93532.691907 56270.555276
0.085581 77665.760714 65219.839872 90403.680548 60200.031534 96831.726201 98357.126391 59173.001488
0.087143 81511.607827 68449.390842 94880.282986 63181.012025 101626.632106 103227.566943 62103.125584
0.088940 86062.769803 72271.230127 100177.878602 66708.693876 107300.906926 108991.229201 65570.624157
0.090791 90888.031970 76323.245107 105794.529433 70448.835373 113316.923001 115102.016200 69246.957752
0.092412 95227.688124 79967.472330 110845.930271 73812.575520 118727.497658 120597.824198 72553.311514
0.094023 99648.870656 83680.161347 115992.228582 77239.508127 124239.717360 126196.878467 75921.779654
0.095600 104075.378646 87397.322417 121144.725777 80670.568585 129758.576710 131802.676978 79294.305223
0.097021 108151.253732 90820.039430 125889.082955 83829.847610 134840.275734 136964.428532 82399.686029
0.098712 113104.534720 94979.558243 131654.748905 87669.218639 141015.902470 143237.340554 86173.556271
0.100625 118843.872136 99799.168118 138335.391978 92117.875168 148171.564684 150505.726655 90546.317426
0.103632 128151.439624 107615.199991 149169.488627 99332.326570 159776.006826 162292.974773 97637.688189
0.105773 134990.362836 113358.187282 157130.059973 104633.290459 168302.605083 170953.893413 102848.216093
0.108187 142905.334566 120004.786557 166343.161980 110768.317573 178170.793696 180977.536621 108878.577859
0.109395 146945.864690 123397.822630 171046.377286 113900.200125 183208.425506 186094.526766 111957.029584
0.110789 151675.136759 127369.229904 176551.294735 117565.938091 189104.763531 192083.750413 115560.228994
0.112341 157022.777999 131859.912827 182775.999751 121710.984354 195772.068757 198856.086387 119634.559563
0.114494 164580.086797 138206.164574 191572.778719 127568.780940 205194.332179 208426.779699 125392.420435
0.116556 171969.628506 144411.533872 200174.275208 133296.538447 214407.427795 217785.010162 131022.460733
0.118250 178146.884942 149598.886341 207364.660164 138084.633339 222109.076480 225607.983714 135728.869334
0.119558 182982.644600 153659.716591 212993.530175 141832.911618 228138.180565 231732.064899 139413.200896
0.121239 189276.174880 158944.710047 220319.258987 146711.132315 235984.796568 239702.289455 144208.197728
0.123109 196384.579639 164913.994528 228593.509405 152220.975864 244847.377673 248704.483716 149624.041744
0.124832 203032.464700 170496.557490 236331.710536 157373.862885 253135.794346 257123.468674 154689.019013
0.127309 212748.361183 178655.483727 247641.105999 164904.816927 265249.330856 269427.830976 162091.492790
0.128920 219162.114469 184041.434479 255106.775527 169876.224489 273245.837894 277550.307815 166978.086692
0.130170 224194.202992 188267.131938 260964.174195 173776.680558 279519.719893 283923.022926 170811.999847
0.132750 234715.103935 197102.060850 273210.602470 181931.607037 292636.915813 297246.855389 178827.800909
0.134449 241740.082351 203001.288041 281387.743834 187376.785431 301395.483040 306143.397231 184180.082975
0.136621 250834.613726 210638.422790 291973.864431 194426.108975 312734.317089 317660.853104 191109.143009
0.138163 257365.211287 216122.493548 299575.541801 199488.084490 320876.502644 325931.303349 196084.759750
0.140144 265838.728862 223238.131821 309438.796458 206056.049840 331441.072234 336662.297696 202540.673701
0.141690 272517.599127 228846.714614 317213.064659 211232.954010 339768.120483 345120.522797 207629.258380
0.142881 277701.840367 233200.182351 323247.570529 215251.346198 346231.702681 351685.926473 211579.095629
0.144091 283002.376823 237651.309021 329417.445131 219359.880755 352840.278842 358398.608217 215617.537391
0.145765 290389.876087 243854.963175 338016.564194 225086.055128 362050.827989 367754.252096 221246.021564
0.147798 299437.855618 251453.006003 348548.498004 232099.295559 373331.622364 379212.753991 228139.614073
0.149188 305674.981858 256690.634154 355808.571980 236933.796540 381107.915223 387111.547595 232891.637061
0.150998 313854.223025 263559.153747 365329.286112 243273.663318 391305.588354 397469.865724 239123.343868
0.152685 321535.680637 270009.659489 374270.575474 249227.689728 400882.637409 407197.783024 244975.792857
0.154606 330340.882397 277403.829630 384519.913661 256052.749043 411860.742537 418348.827376 251684.414675
0.155901 336318.322158 282423.386001 391477.710116 260685.962686 419313.264793 425918.749986 256238.584345
0.157498 343723.801036 288642.138540 400097.757620 266426.073358 428546.230472 435297.163527 261880.767060
0.159494 353043.675074 296468.504841 410946.179210 273650.063774 440166.016113 447099.996852 268981.514098
0.160977 360004.127080 302313.545964 419048.211222 279045.226666 448844.133428 455914.821446 274284.633942
0.162532 367337.106497 308471.417064 427583.868668 284729.141793 457986.708594 465201.420543 279871.579824
0.163981 374205.896864 314239.485306 435579.205665 290053.256215 466550.544473 473900.163413 285104.863305
0.165056 379319.638476 318533.750965 441531.649301 294017.002961 472926.229499 480376.285265 289000.987379
0.166608 386725.654461 324752.954539 450152.322003 299757.529954 482159.864830 489755.379007 294643.579312
0.167840 392625.638189 329707.467190 457019.958903 304330.706129 489515.816844 497227.210093 299138.735771
0.169948 402767.638777 338224.214444 468825.343578 312191.940598 502160.609286 510071.197257 306865.855294
0.171670 411088.217011 345211.421871 478510.575394 318641.360104 512534.497934 520608.506845 313205.245827
0.173271 418850.687670 351729.958337 487546.164710 324658.181083 522212.552028 530439.020326 319119.418091
0.174929 426916.876075 358503.541848 496935.284356 330910.418773 532269.273805 540654.166680 325264.990787
0.176470 434435.279428 364817.122740 505686.777018 336738.059097 541643.030893 550175.589532 330993.209873
0.177758 440735.437294 370107.681712 513020.220403 341621.416946 549497.910004 558154.207366 335793.256217
0.178642 445068.691178 373746.532627 518064.168936 344980.194586 554900.502470 563641.907429 339094.732133
0.180880 456065.999223 382981.524510 530865.139586 353504.392187 568611.670838 577569.069249 347473.504443
0.182493 464007.967546 389650.794180 540109.665882 359660.344811 578513.518127 587626.901362 353524.434726
0.183760 470260.915720 394901.708802 547388.156738 364507.109638 586309.537376 595545.732108 358288.512334
0.184942 476101.481186 399806.324954 554186.630219 369034.229722 593591.408188 602942.314983 362738.398434
0.186266 482655.625486 405310.169091 561815.716217 374114.456709 601762.951228 611242.585185 367731.955271
0.188417 493319.843846 414265.448836 574228.967320 382380.470917 615058.831714 624747.917050 375856.948872
0.189484 498617.033130 418713.764719 580394.945784 386486.411026 621663.234707 631456.359886 379892.840449
0.191703 509649.347115 427978.152846 593236.663678 395037.742316 635418.047603 645427.853771 388298.283540
0.194026 521208.688477 437685.112332 606691.846429 403997.581351 649829.945042 660066.783319 397105.265115
0.196297 532525.328813 447188.263576 619864.522887 412769.298757 663939.248915 674398.352515 405727.334470
0.198147 541750.307509 454934.941493 630602.485401 419919.734204 675440.721419 686081.008904 412755.781409
0.200157 551781.496356 463358.634563 642278.884160 427695.076637 687947.356556 698784.662356 420398.474239
0.201787 559912.350600 470186.521227 651743.275455 433997.437901 698084.702083 709081.702535 426593.315388
0.203383 567873.335356 476871.759950 661009.937059 440168.130481 708010.258583 719163.617353 432658.734157
0.205603 578949.891984 486173.300848 673903.153809 448753.754985 721820.232101 733191.140810 441097.885410
0.207939 590598.597494 495955.303897 687462.357274 457782.861668 736343.546522 747943.242504 449972.952906
0.210218 601950.845659 505488.356824 700676.481582 466582.179297 750497.245345 762319.906007 458622.151618
0.211580 608732.674643 511183.399225 708570.594707 471838.888496 758952.659949 770908.519631 463789.179829
0.213199 616783.239194 517943.862601 717941.528040 478079.015875 768989.902296 781103.879695 469922.848820
0.214783 624653.639568 524553.033069 727102.748565 484179.494983 778802.520457 791071.077043 475919.251980
0.216642 633880.703164 532301.461781 737843.137922 491331.546471 790306.592362 802756.373782 482949.287390
0.218223 641716.031938 538881.180866 746963.534773 497404.840995 800075.484131 812679.155912 488918.969743
0.220227 651627.625295 547204.443596 758500.723250 505087.482962 812433.010604 825231.351777 496470.543603
0.222416 662438.546181 556282.916820 771084.737483 513467.208754 825911.796128 838922.470003 504707.308837
0.224478 672598.384608 564814.643404 782910.885570 521342.269631 838578.828341 851789.047283 512448.018885
0.226558 682820.464997 573398.637689 794809.483891 529265.575295 851323.462274 864734.448751 520236.150650
0.227431 687104.803126 576996.411589 799796.494024 532586.437515 856665.067802 870160.201143 523500.357994
0.228309 691405.644570 580608.044150 804802.714171 535920.091730 862027.249249 875606.853588 526777.139098
0.229550 697478.574263 585707.788214 811871.661811 540627.321217 869598.825962 883297.706132 531404.061882
0.230833 703750.649752 590974.765003 819172.417043 545488.911946 877418.692669 891240.760007 536182.712459
0.232892 713783.838443 599400.137443 830851.143639 553265.804492 889927.821161 903946.946093 543826.928956
0.234414 721179.233764 605610.422312 839459.453788 558998.099231 899148.214914 913312.589661 549461.429080
0.235886 728320.089670 611606.957651 847771.477647 564533.096207 908051.255295 922355.880558 554901.997398
0.238536 741125.426008 622360.241695 862677.010343 574458.726810 924016.628078 938572.757508 564658.293856
0.240048 748406.245910 628474.311832 871151.953619 580102.212224 933094.172067 947793.300985 570205.499767
0.242674 761007.902005 639056.555346 885820.400584 589869.966860 948805.601421 963752.234109 579806.613668
0.243935 767038.179080 644120.481864 892839.700173 594544.135590 956323.999918 971389.070715 584401.039720
0.245691 775407.316245 651148.466664 902581.455044 601031.193936 966758.430625 981987.876087 590777.426964
0.247698 784942.910363 659155.983950 913680.976848 608422.392597 978647.170661 994063.900674 598042.529626
0.248827 790286.149142 663642.969906 919900.557359 612564.026440 985308.987010 1000830.661304 602113.505991
0.250495 798161.891825 670256.626580 929067.996382 618668.646461 995128.265828 1010804.624236 608113.979420
0.252353 806896.958981 677591.901171 939235.697226 625439.343271 1006018.928888 1021866.849037 614769.166172
0.254969 819142.660677 687875.231900 953489.809901 634931.191692 1021286.563207 1037374.995977 624099.080899
0.257665 831686.408735 698408.847128 968090.851363 644654.060840 1036925.794271 1053260.593464 633656.075071
0.260423 844437.890911 709116.907127 982933.697303 654537.948180 1052824.023031 1069409.268665 643371.340419
0.262968 856128.401232 718934.015776 996541.561963 663599.458471 1067399.458644 1084214.312621 652278.258709
0.265133 866015.458657 727236.674452 1008050.190382 671263.082226 1079726.394332 1096735.435801 659811.138814
0.268438 881005.335316 739824.426718 1025498.548687 682881.986609 1098415.397299 1115718.848563 671231.821309
0.271673 895550.162576 752038.448652 1042428.865280 694155.925751 1116549.523818 1134138.643851 682313.423771
0.273399 903262.751192 758515.096661 1051406.391425 700134.082324 1126165.386229 1143905.985936 688189.591253
0.275449 912374.861295 766166.993152 1062012.973828 707197.031435 1137526.136997 1155445.703785 695132.044398
0.277995 923617.126133 775607.687555 1075099.076503 715911.099146 1151542.711362 1169683.082694 703697.447580
0.280603 935051.289435 785209.528737 1088408.550807 724773.910571 1165798.539928 1184163.484802 712409.056864
0.283015 945549.170742 794025.126904 1100628.184006 732910.994144 1178887.035541 1197458.164838 720407.319425
0.286018 958513.673314 804912.070829 1115718.987703 742959.997160 1195050.852799 1213876.612380 730284.883527
0.288593 969540.637244 814171.966247 1128554.478084 751507.181533 1208798.995382 1227841.330874 738686.250449
0.290763 978767.602432 821920.312321 1139294.752893 758659.156743 1220302.944594 1239526.502986 745716.210882
0.293281 989393.082070 830843.061216 1151662.911758 766895.143920 1233550.526613 1252982.775534 753811.689722
0.295567 998970.275071 838885.511173 1162810.855055 774318.586571 1245491.131094 1265111.481591 761108.486283
0.298708 1012018.213549 849842.520418 1177998.778937 784432.262155 1261758.974151 1281635.593661 771049.619620
0.301393 1023067.041681 859120.776305 1190859.719456 792996.393838 1275534.376474 1295628.001320 779467.644725
0.303616 1032141.592516 866741.132391 1201422.582515 800030.230130 1286848.299285 1307120.153527 786381.481725
0.305692 1040560.081445 873810.560346 1211221.783306 806555.541855 1297344.260537 1317781.458741 792795.469734
0.307840 1049203.839702 881069.158269 1221283.199727 813255.463608 1308121.081947 1328728.048532 799381.088873
0.311211 1062649.876573 892360.470729 1236934.513906 823677.711922 1324885.264114 1345756.318593 809625.530599
0.313658 1072315.459235 900477.145924 1248185.343606 831169.666880 1336936.070612 1357996.962692 816989.670626
0.316041 1081648.013790 908314.160692 1259048.525438 838403.486176 1348571.666004 1369815.854820 824100.078862
0.318955 1092959.085710 917812.635858 1272214.720207 847170.887409 1362674.027316 1384140.372087 832717.905680
0.320735 1099813.209611 923568.387932 1280192.985299 852483.633607 1371219.577412 1392820.541117 837940.014883
0.322731 1107445.464444 929977.575629 1289077.002161 858399.522120 1380735.281674 1402486.147252 843754.976617
0.325398 1117562.255254 938473.152967 1300853.042416 866241.216069 1393348.643197 1415298.208362 851462.888986
0.327662 1126075.321254 945622.002038 1310762.331813 872839.836065 1403962.520772 1426079.287448 857948.934606
0.330228 1135638.727386 953652.874469 1321894.227064 880252.592283 1415885.936131 1438190.533600 865235.227047
0.334234 1150399.296404 966048.065592 1339075.669104 891693.756474 1434289.044071 1456883.547602 876481.201650
0.337006 1160485.539288 974517.990303 1350816.151284 899511.772214 1446864.319204 1469656.922344 884165.839767
0.341116 1175252.675767 986918.696452 1368005.237911 910958.026954 1465275.615291 1488358.253480 895416.818072
0.344297 1186529.776055 996388.643933 1381131.889379 919699.096206 1479335.621623 1502639.748545 904008.762141
0.347110 1196394.879449 1004672.866708 1392614.963100 927345.703025 1491635.185576 1515133.068800 911524.915623
0.350528 1208238.425776 1014618.487376 1406400.963119 936525.834086 1506401.422649 1530131.919931 920548.430979
0.353241 1217532.399241 1022423.103665 1417219.236196 943729.748534 1517988.916103 1541901.952367 927629.444550
0.356614 1228953.158327 1032013.688653 1430513.107866 952582.170126 1532228.032629 1556365.379167 936330.841256
0.360130 1240704.559433 1041881.930351 1444191.849975 961690.877884 1546879.385346 1571247.536158 945284.151810
0.364319 1254502.689697 1053468.913316 1460253.004197 972386.039682 1564082.548742 1588721.702765 955796.851037
0.368843 1269155.721409 1065773.799962 1477309.271794 983743.849906 1582351.581862 1607278.529851 966960.893716
0.372924 1282155.942663 1076690.738659 1492441.652377 993820.539071 1598559.932279 1623742.212088 976865.671633
0.377314 1295909.656871 1088240.423231 1508451.105889 1004481.273241 1615707.718848 1641160.129511 987344.530577
0.380500 1305747.414421 1096501.682326 1519902.348787 1012106.683837 1627973.188686 1653618.818562 994839.849450
0.384344 1317454.954619 1106333.091817 1533530.036385 1021181.394271 1642569.856723 1668445.429419 1003759.742685
0.388893 1331083.346534 1117777.536966 1549393.613562 1031744.989033 1659561.394595 1685704.636743 1014143.119449
0.392610 1342037.187498 1126976.027357 1562143.988117 1040235.494570 1673218.369293 1699576.751175 1022488.774492
0.397077 1354992.549120 1137855.295167 1577224.151663 1050277.412283 1689370.789844 1715983.622476 1032359.374168
0.401767 1368348.348778 1149070.830907 1592770.428873 1060629.716222 1706022.466513 1732897.614729 1042535.064791
0.405804 1379650.740163 1158562.016592 1605926.519418 1069390.389028 1720114.005152 1747211.138832 1051146.277971
0.410249 1391885.775046 1168836.389862 1620168.215822 1078873.969424 1735368.340357 1762705.777156 1060468.065727
0.417136 1410418.548455 1184399.290464 1641740.539475 1093239.032399 1758474.538300 1786175.969423 1074588.056550
0.422754 1425165.241666 1196782.829375 1658905.829945 1104669.441220 1776860.346232 1804851.410887 1085823.459272
0.428519 1439959.840033 1209206.596651 1676126.882469 1116136.982128 1795305.881113 1823587.520185 1097095.360597
0.432461 1449879.889961 1217536.960789 1687673.914474 1123826.178925 1807673.951028 1836150.425584 1104653.377460
0.435868 1458330.477297 1224633.343389 1697510.478116 1130376.370663 1818209.931771 1846852.380720 1111091.821022
0.442140 1473587.417593 1237445.362403 1715269.701021 1142202.280542 1837231.902994 1866174.007022 1122715.977439
0.448661 1489052.738364 1250432.368968 1733271.480771 1154189.709617 1856513.677778 1885759.529596 1134498.897488
0.455329 1504456.167740 1263367.402220 1751201.218353 1166129.165635 1875718.287920 1905266.671947 1146234.662914
0.460138 1515313.477369 1272484.830401 1763839.229521 1174544.848119 1889254.909767 1919016.537597 1154506.771407
0.467770 1532123.823334 1286601.322173 1783406.631329 1187574.828743 1910213.628294 1940305.420982 1167314.456772
0.471283 1539694.361947 1292958.683661 1792218.809927 1193442.879980 1919652.386318 1949892.868737 1173082.397348
0.475580 1548810.064402 1300613.596829 1802829.573860 1200508.613582 1931017.615939 1961437.135994 1180027.587480
0.481912 1561963.518319 1311659.212688 1818140.318712 1210704.075950 1947417.013004 1978094.874456 1190049.112294
0.488405 1575116.039611 1322704.045375 1833449.977980 1220898.815424 1963815.247296 1994751.431827 1200069.926548
0.496507 1591065.196691 1336097.353588 1852014.947774 1233261.274123 1983700.257077 2014949.692223 1212221.478106
0.504396 1606115.604039 1348735.936513 1869533.764373 1244927.096856 2002464.728192 2034009.761990 1223688.278511
0.511521 1619317.632279 1359822.342671 1884901.050197 1255160.209995 2018924.686507 2050729.015729 1233746.811763
0.517301 1629761.707853 1368592.757462 1897058.053013 1263255.587843 2031946.098479 2063955.555350 1241704.080111
0.526739 1646322.364536 1382499.572603 1916334.814133 1276092.030124 2052593.510658 2084928.228347 1254321.528953
0.533149 1657233.736324 1391662.399494 1929035.754166 1284549.617092 2066197.535852 2098746.559155 1262634.827028
0.540438 1669318.324618 1401810.435208 1943102.329316 1293916.583818 2081264.298016 2114050.669580 1271841.990577
0.548191 1681812.468908 1412302.395661 1957645.631523 1303601.004255 2096841.684343 2129873.448084 1281361.191984
0.558151 1697334.242750 1425336.808705 1975713.123182 1315632.191050 2116193.843402 2149530.463705 1293187.123234
0.569882 1714887.848948 1440077.453422 1996145.686934 1329238.285125 2138079.240179 2171760.623399 1306561.093386
0.582109 1732387.435393 1454772.735040 2016515.371184 1342802.507585 2159897.286481 2193922.371639 1319893.906266
0.592998 1747323.045663 1467314.917094 2033900.562898 1354379.349181 2178518.631473 2212837.060603 1331273.243578
0.606740 1765346.045334 1482449.735085 2054879.505095 1368349.277995 2200989.256280 2235661.667485 1345004.841344
0.617578 1778945.297166 1493869.709842 2070709.162940 1378890.285791 2217944.463026 2252883.971355 1355366.016481
0.629297 1793070.042659 1505730.968019 2087150.500380 1389838.612522 2235554.842114 2270771.768564 1366127.561574
0.642722 1808549.487524 1518729.835295 2105168.720709 1401836.989419 2254854.226464 2290375.178111 1377921.242671
0.652029 1818863.484605 1527391.016642 2117174.310929 1409831.541249 2267713.459827 2303436.984305 1385779.405122
0.658676 1826029.650829 1533408.806327 2125515.796239 1415386.156677 2276648.056480 2312512.328583 1391239.257195
0.673089 1841018.861853 1545995.999626 2142963.379739 1427004.545116 2295336.229551 2331494.898375 1402659.432548
0.680898 1848838.328908 1552562.398827 2152065.313398 1433065.544955 2305085.345324 2341397.592977 1408617.029967
0.688119 1855889.748136 1558483.829696 2160273.232119 1438531.218065 2313876.878296 2350327.619876 1413989.457105
0.701687 1868688.868973 1569231.894273 2175171.529912 1448452.030930 2329834.501747 2366536.625418 1423741.018016
0.712498 1878484.491345 1577457.770343 2186573.727065 1456044.781845 2342047.438500 2378941.953826 1431204.234392
0.721862 1886694.412482 1584352.053447 2196130.152972 1462408.429181 2352283.362649 2389339.125546 1437459.316054
0.734036 1897003.926593 1593009.470220 2208130.524973 1470399.506187 2365137.006758 2402395.254439 1445314.062962
0.758466 1916525.819125 1609402.983826 2230854.192647 1485531.251956 2389476.413663 2427118.082536 1460187.656747
0.778042 1931128.599257 1621665.671697 2247851.966931 1496850.111339 2407682.794371 2445611.270241 1471313.413098
0.800053 1946535.701626 1634603.789345 2265785.979910 1508792.414355 2426891.983908 2465123.064126 1483051.976951
0.817411 1957987.522116 1644220.458155 2279116.007348 1517668.912162 2441169.827014 2479625.827570 1491777.039123
0.834699 1968825.029663 1653321.257533 2291730.968705 1526069.245721 2454681.760122 2493350.615556 1500034.060549
0.855891 1981388.543660 1663871.471213 2306355.017907 1535807.435778 2470345.634863 2509261.244934 1509606.114251
0.879242 1994382.487852 1674783.138744 2321480.091929 1545879.259487 2486546.159195 2525716.977801 1519506.109718
0.904132 2007332.101213 1685657.579451 2336553.564445 1555916.721627 2502691.412959 2542116.569415 1529372.329835
0.927786 2018849.488311 1695329.307834 2349959.912035 1564844.041209 2517051.002870 2556702.367431 1538147.346748
0.956322 2031810.282411 1706213.137568 2365046.399036 1574890.169726 2533210.196498 2573116.118506 1548022.085391
0.984485 2043689.383298 1716188.615187 2378873.784900 1584097.859723 2548020.762107 2588159.996485 1557072.689519
1.013214 2054960.770378 1725653.764999 2391993.786139 1592834.500572 2562073.645354 2602434.256254 1565660.280734
1.052857 2069251.904144 1737654.747765 2408628.801104 1603911.797639 2579891.473175 2620532.770158 1576548.595892
1.085263 2079959.456392 1746646.417152 2421092.493263 1612211.400669 2593241.381268 2634092.980733 1584706.605280
1.132954 2094310.402060 1758697.626976 2437797.129847 1623335.058943 2611133.781071 2652267.241359 1595640.490709
1.184832 2108257.115243 1770409.382480 2454031.235992 1634145.389850 2628522.193930 2669929.575683 1606266.394226
1.256929 2125202.897562 1784639.606960 2473756.286997 1647280.349459 2649649.771111 2691389.977771 1619177.267604
1.345691 2142870.933893 1799476.344407 2494322.048507 1660975.140245 2671677.836513 2713765.053563 1632638.421277
1.443467 2159085.711169 1813092.707239 2513196.202724 1673543.485606 2691894.014906 2734299.699504 1644992.347010
1.555823 2174442.155841 1825988.285076 2531071.249665 1685446.522994 2711040.045695 2753747.339694 1656692.315118
1.714154 2191610.812348 1840405.668204 2551055.728333 1698754.236117 2732445.496834 2775489.993117 1669772.994785
1.923938 2208637.201965 1854703.582681 2570874.606996 1711951.675793 2753673.573176 2797052.477540 1682745.282302
2.216721 2225288.095937 1868686.174605 2590256.405174 1724858.062506 2774433.490948 2818139.428441 1695431.482304
