0.033308 54343.446971 32680.591911 106728.987309 21946.491679 246423.440715 420015.542226 14581.391825
0.044104 116687.551540 72844.974581 207385.773008 49551.302680 436344.351763 681862.558939 32888.009037
0.052997 190264.121238 122073.444623 324355.123105 83673.002912 627591.314370 936210.128579 55994.681955
0.062901 302564.404878 197261.763209 491506.150022 134199.709310 876696.969416 1258308.509604 91982.934120
0.074972 484143.048541 325092.601098 752222.015868 222162.226407 1250861.952117 1703602.813712 152962.399016
0.083251 637365.956506 435428.311311 967822.388947 301720.970245 1569202.290987 2037787.964466 207147.164928
0.093785 866843.554175 605659.141420 1287245.749289 421766.469256 1978287.407279 2484821.723511 292270.631029
0.104824 1141028.777092 809921.052439 1675775.684285 581087.288603 2443024.142727 2977669.995386 402913.441387
0.109590 1274182.956456 908615.612751 1847606.370337 658127.893421 2641947.952965 3219928.177469 458014.996673
0.116740 1498906.056147 1078459.670917 2121885.634855 788225.635866 2973649.342900 3628474.849658 549510.110223
0.124875 1767056.915891 1283629.859778 2469093.737488 951123.128879 3360640.732975 4189232.897438 667177.924854
0.130329 1958526.565016 1432550.003847 2708613.017404 1069050.620879 3647930.563831 4588661.879962 754569.979474
0.137431 2226255.976583 1629076.254851 3034973.679403 1231994.464299 4046050.937686 5137194.627948 879095.552709
0.145548 2552080.194192 1883079.311098 3431394.269179 1435581.049408 4513364.303333 5687318.403596 991440.180967
0.151625 2811568.456463 2086237.560904 3746127.814280 1600497.880225 4897418.342678 6052035.934942 1071785.631164
0.159361 3153649.545191 2354212.160471 4156902.142972 1826096.852686 5423896.081452 6523956.904715 1177974.094944
0.165035 3420196.345912 2573745.630530 4469897.536725 2002643.360083 5814864.924226 6875204.295812 1302114.781601
0.173639 3842611.551523 2911379.731386 4962536.654556 2288666.867061 6434336.658738 7449964.336190 1509759.268847
0.181777 4261822.382019 3249066.729903 5468754.797657 2578591.095378 6934546.220049 8077714.778089 1725037.680117
0.188058 4590746.582107 3529254.927342 5842348.694171 2814038.961093 7337754.982590 8565660.580779 1904242.321047
0.194426 4931586.453893 3825847.804565 6224378.334959 3039211.222630 7780455.709663 9061213.205286 2097936.298829
0.200717 5284942.984274 4131352.624295 6638711.310449 3294647.430725 8239011.489279 9551586.422173 2301518.750314
0.206311 5611781.863042 4422719.864672 7009293.196243 3535229.633314 8653311.633002 9988288.496903 2493044.355747
0.214419 6093231.290849 4842527.455668 7561923.495446 3907139.106621 9262347.847296 10622316.257209 2788712.550526
0.219484 6403265.375831 5111529.118776 7908076.751244 4155951.005664 9630769.726679 11019011.287556 2984561.317396
0.224193 6703848.039011 5357537.944814 8233373.594005 4395490.221299 10015508.896917 11388242.855661 3174527.978802
0.230968 7130491.536727 5737572.088927 8731150.358144 4754208.011647 10524951.805917 11920160.401568 3461468.196004
0.236732 7509987.629488 6072186.434419 9140557.002428 5054616.049486 10942128.312322 12373329.578972 3718541.753535
0.245224 8071718.943650 6568899.079232 9778957.609548 5513438.310974 11629494.483067 13041996.735782 4119573.238619
0.252547 8583717.004440 7039168.037460 10352689.173821 5925960.237596 12236111.125989 13619565.324615 4487304.243670
0.259165 9053347.232651 7459848.518442 10847614.301235 6323787.900088 12798581.618476 14142265.279243 4837564.146208
0.271150 9931964.283975 8270797.089877 11779234.153742 7043958.721556 13770824.496171 15090579.851739 5516544.063715
0.279930 10594636.334388 8896981.994072 12492581.490805 7602392.239083 14500023.677424 15786660.251288 6051631.940392
0.287490 11195548.501822 9446439.378798 13118198.890322 8113619.133433 15097992.722871 16386911.806368 6538702.757442
0.293673 11708985.124777 9902092.570954 13632252.368760 8541274.624979 15625531.210942 16908924.753800 6955610.705733
0.301496 12384521.718600 10479747.726341 14329314.124783 9105370.828584 16368581.785935 17665637.864328 7507565.213151
0.308960 13019020.056454 11063376.271687 15015886.985686 9655610.259717 17005637.669748 18396582.962613 8059234.813385
0.315974 13618322.241089 11627009.449048 15671521.276689 10171965.270422 17638090.225705 19081848.505134 8591501.861833
0.325504 14431164.899103 12414573.204854 16534493.424824 10887820.034457 18532489.886575 20006705.550796 9332652.496750
0.333134 15101141.693210 13025065.288102 17224410.792201 11493872.604366 19257636.244199 20742167.898224 9940925.907108
0.345435 16194659.093905 14044744.348790 18379355.265210 12446382.919085 20490911.680693 21918842.845686 10949401.435248
0.353601 16930611.534011 14728267.290929 19142086.214442 13083764.454820 21231224.436841 22694031.351497 11484427.371253
0.362037 17714047.295643 15451048.113671 19913323.154547 13794669.777608 22081322.948962 23490038.894797 11930791.176820
0.371794 18613246.496198 16298507.944312 20807161.766772 14624980.499883 22922438.304171 24404780.453104 12452916.829337
0.382262 19560412.712419 17248903.496636 21790092.996783 15505827.671854 23945775.283302 25379353.644905 13019986.503708
0.393602 20596708.336552 18235580.267416 22899550.907024 16509195.971499 25003121.652547 26427411.025650 13642226.902894
0.406955 21890622.136176 19483783.580638 24209960.016798 17711373.551278 26249669.607199 27651628.824252 14385326.188066
0.419713 23141605.043620 20688847.680386 25485835.276991 18818421.994587 27579998.730920 29029364.410927 15105645.121174
0.433575 24469199.076897 22000869.070524 26860299.199424 20125717.907847 28942919.719439 30561372.209384 15899539.474852
0.445560 25653815.123759 23211580.153675 28055136.833268 21247530.838700 30232555.270278 31886916.186541 16595218.938245
0.463272 27417002.360610 24975586.402521 29797920.423332 22983787.331144 32047512.262940 33847478.278808 17638806.651324
0.476386 28732377.218475 26353156.336588 31107746.405961 24256085.942457 33396117.873126 35300282.774307 18423174.369770
0.492508 30452707.273393 28024008.871547 32767123.044726 25857277.067893 35056879.255924 37087676.516698 19400841.162595
0.510686 32330357.348495 29934340.338891 34637249.508710 27810853.466254 36960543.140301 39079886.943483 20520581.021626
0.526565 34077851.492020 31651411.804761 36363251.645739 29433607.978989 38634026.838623 40519328.658764 21513517.496073
0.549985 36659618.939712 34214450.517971 38914994.628394 31957347.060695 41504381.397756 43277985.383472 23002706.338411
0.575482 39437181.141643 37063797.038257 41888798.832100 34676061.718602 44191371.658270 46308726.379720 24656712.142279
0.593654 41539491.605687 39149766.658225 43987791.439152 36703082.665920 46350625.365012 48332790.293345 25855925.018908
0.628214 45499443.709575 43081012.426215 48126202.235150 40221538.822053 50559403.609424 52617084.622987 28181337.112236
0.658414 48983201.600576 46272310.381710 51730902.335630 43317673.816859 54421197.413428 56208384.516302 30255043.304963
0.692768 52904183.899466 49962563.478620 55780653.208416 46769214.851898 58411869.056542 60431461.243328 32658526.372177
0.733030 57522660.384777 54075197.066505 60666977.320157 50567696.441334 63545266.096051 65601011.270856 35533790.752819
0.781560 63007341.354644 58931096.012703 66448785.913835 54938092.456932 69690965.827957 72128411.323345 39080418.828515
0.838537 69178587.231040 64474836.105922 73247181.326185 59843662.335321 76932296.851821 79904970.715580 43352879.244636
0.906836 76499215.433376 70887564.357660 81494518.615754 65225043.985661 85846551.998627 89662494.493774 48622139.969579
0.981006 84350906.212436 77589882.513420 90556082.324299 70988893.173015 95395222.000890 100338735.715621 54518534.325868
1.065839 93281279.012637 84891228.324930 100537385.532817 77092959.442128 106634844.665221 112551822.064694 59744300.301492
1.190543 105912493.544635 95145923.702922 115750556.945366 85677331.468580 123445550.585905 130308891.055648 64744723.672703
1.350033 121309173.928912 107593304.017726 134456917.516572 96301136.893055 144570130.286485 152717356.513989 70732288.501236
1.621688 146798050.646664 127954607.075764 166694623.210768 111938361.179911 182000511.096464 191896364.977716 80084952.774069
