0.015998 13205.847339 8059.188666 24607.088569 5588.287564 49422.328332 91340.353759 4336.476043
0.023035 35858.954658 22866.287590 61307.418662 16041.009374 110286.725008 182262.996303 12694.155724
0.027616 59538.491045 38562.671474 97254.602501 27212.442754 164424.828106 257027.612722 21130.824479
0.031458 84836.449321 55587.784784 134066.543196 39754.804202 219041.258041 339670.329790 31202.236096
0.034215 106452.739321 70914.559613 165513.886933 50832.458141 263524.291941 409389.377036 40119.649757
0.038262 145622.452747 97751.416392 218463.186286 70864.232349 333592.685821 524841.577476 56057.198983
0.041782 184954.921016 126279.724743 274551.431372 91547.773861 403901.016312 638212.410957 72945.350403
0.044063 213804.168525 147570.984778 313131.150496 106364.440703 459990.572308 717409.072878 85520.822967
0.048086 270862.491707 189343.552422 391521.616277 137943.575566 578505.187823 835249.481449 111073.217445
0.051145 320472.126116 226365.714982 460272.565985 164595.810579 666683.220189 929895.916189 133572.965328
0.053568 362482.430781 258723.866702 518331.580975 186873.041237 740304.372028 1007863.227745 153047.191944
0.056690 420873.423838 302537.131813 599152.409658 219296.767001 850057.481117 1112165.091809 180093.627984
0.059926 487206.751321 353841.887352 684425.731653 257737.542540 968675.969221 1242445.564015 211105.193719
0.062683 547702.450029 399709.364661 763278.759975 293628.336427 1073585.918323 1366070.082830 240019.531540
0.065232 607096.078591 446731.815756 837072.468445 328394.886828 1173695.088795 1483795.734200 268870.784229
0.067145 653161.222645 483638.055988 896638.885286 355538.619684 1248661.403137 1574286.509275 291901.274354
0.069452 711229.617653 529861.289904 971243.703317 393095.072629 1334831.055423 1685829.048232 320668.845733
0.071307 759980.978321 568847.638295 1035511.527161 424078.124576 1412880.092548 1777415.095509 344432.582697
0.073338 814546.443532 614700.715475 1104894.656751 458440.656639 1494546.172199 1879613.338268 371679.084091
0.075596 880928.332430 666438.372970 1179557.371060 498675.984268 1588734.871694 1995573.120986 403507.660977
0.077113 926601.724112 700870.514681 1232759.710952 526933.523157 1664836.155258 2074851.077305 425816.452657
0.078345 963484.976159 730622.384751 1276682.433066 550619.807488 1727859.882097 2140041.226357 444489.670500
0.080212 1022936.178517 776572.554302 1348982.813132 587793.886487 1820947.516775 2242410.250997 473749.745355
0.082302 1087651.672713 828730.052950 1429874.531535 631267.892062 1917074.104971 2362090.406335 507901.096261
0.084469 1160454.123037 889040.593276 1516644.061569 678458.698229 2016018.584239 2489160.135420 544895.583786
0.085820 1206640.227758 925573.794758 1571603.985878 709619.281405 2078752.064888 2569913.477537 568788.915795
0.087805 1278495.121877 983181.309920 1652427.485648 757012.806601 2172378.307301 2690694.551363 605067.929115
0.089367 1336248.226757 1031353.627627 1715772.107147 796250.363099 2244066.648790 2787518.125702 634610.217052
0.090897 1401028.976153 1079887.427863 1782741.900862 835942.184117 2312760.786487 2883876.236020 664407.587468
0.092549 1462129.949468 1133150.779017 1858231.382053 880218.235084 2403101.187191 2989602.256691 697548.595008
0.094439 1538033.386103 1193645.096133 1946772.404510 932709.393861 2497738.854949 3112701.906881 736712.283527
0.096164 1611507.512363 1252703.795199 2029657.888687 982738.736074 2592339.091189 3227046.900151 773634.798900
0.098246 1699962.721074 1323209.183342 2135273.284960 1040247.023462 2721191.942902 3367584.323947 819716.646897
0.101244 1823313.196609 1425628.359724 2290672.367331 1121195.598053 2892584.749042 3573868.127444 888988.544480
0.102222 1868579.838647 1463798.647211 2338370.026960 1151317.181725 2946851.675989 3641699.065900 912316.924620
0.104189 1959310.239333 1534986.167948 2438534.121350 1213264.899112 3057137.965576 3778860.913610 960334.791402
0.106627 2066716.908818 1623080.019463 2569297.385397 1292602.347160 3208542.190999 3950218.012328 1021909.176244
0.109263 2190907.145103 1721376.162755 2713685.849728 1379328.014246 3369492.338167 4137151.962709 1078592.666010
0.111189 2283219.873452 1798872.366354 2824257.968420 1447702.626394 3481199.259073 4274811.716790 1120433.099786
0.112691 2361114.735515 1860623.727719 2908823.169443 1496594.483158 3580867.093734 4386498.118287 1153508.508190
0.114827 2460644.194385 1949094.731096 3035275.026328 1569036.634895 3724141.198021 4549314.929967 1201216.876544
0.116839 2562213.212692 2034772.969263 3151592.030668 1641576.149546 3860738.638423 4703688.685824 1246875.630112
0.119179 2684190.106952 2138986.419712 3287508.474407 1728503.963414 4021594.183680 4884445.215317 1300854.313015
0.121138 2791700.581471 2223510.988482 3405730.317804 1801086.231520 4147644.289575 5036765.515719 1346767.502177
0.123542 2920018.542706 2333962.189686 3555407.796172 1890969.090162 4291154.307209 5224910.558396 1404009.037736
0.126034 3059010.876316 2456393.786229 3705345.977755 1986752.793389 4442084.328106 5421349.946427 1464389.181031
0.127874 3158184.632895 2542734.339302 3820148.865109 2059193.620052 4554934.096749 5567302.295517 1509651.712524
0.128966 3222768.327616 2593405.614561 3888716.189973 2102513.562209 4622471.633171 5654283.588198 1536786.747537
0.131406 3367350.691494 2718576.651708 4046040.666635 2211078.136071 4774891.156685 5849602.498383 1598150.955254
0.133126 3468718.698739 2808923.231263 4159671.986002 2291026.001065 4910300.284534 5988080.777568 1642015.129116
0.134991 3574328.825908 2907692.352969 4284853.070979 2379603.582384 5063380.562770 6138968.304370 1690143.724698
0.136896 3684452.708404 3012051.882686 4413847.486435 2472127.780448 5221624.777739 6293874.916853 1739912.156535
0.138388 3772343.912295 3093098.549328 4515668.764185 2546048.672334 5338294.852194 6415746.070822 1779319.013727
0.139978 3868216.232281 3180909.922415 4620518.847535 2616909.272605 5448307.177591 6546147.914677 1821727.586476
0.141623 3968879.379010 3272809.183599 4730119.201030 2690354.463811 5562825.911118 6681627.349039 1866051.367530
0.144915 4173847.194420 3462247.669311 4953161.773098 2840455.968975 5806328.445882 6954465.203419 1956119.268094
0.146616 4284832.377768 3551524.118813 5078831.447152 2919651.135858 5942391.253328 7096329.529722 2003370.735578
0.148639 4420125.678114 3666382.276962 5221502.986041 3020281.237388 6105986.361981 7265827.650687 2060197.925066
0.151337 4592837.880483 3820900.340557 5432248.666150 3161203.479516 6327162.955784 7493185.678412 2137051.222709
0.153609 4743390.502283 3958399.431454 5593561.806611 3282526.868002 6516067.049868 7685790.300847 2202712.157067
0.155661 4881386.368492 4085334.991348 5745976.756904 3394197.371297 6688757.289521 7860635.950966 2262754.200019
0.157533 5010574.001106 4200252.232906 5895798.311143 3497814.642907 6848016.322897 8020875.757282 2318140.324266
0.159667 5166447.328809 4334000.989921 6062011.240448 3616814.127745 7031559.483628 8204386.621127 2381988.021282
0.161807 5320994.391562 4469738.239513 6222347.360661 3719582.425952 7206835.126080 8389309.398191 2446773.557713
0.164474 5513985.853444 4638901.973597 6445285.884638 3875774.475107 7435104.042024 8621015.950876 2528574.379272
0.166482 5658448.883263 4770612.480204 6611445.357274 3985380.944457 7616732.692365 8796372.302716 2590938.361764
0.168489 5807305.452021 4902853.173481 6780493.728593 4101153.192231 7791354.361755 8972409.935622 2653936.033508
0.169911 5915706.708417 5005828.345227 6895927.947627 4192919.048128 7912848.867393 9097598.045268 2698972.876360
0.171570 6032128.413961 5119777.750475 7037403.702603 4301550.976299 8055635.145655 9244131.943137 2751936.462107
0.175210 6310621.846359 5382676.103289 7351468.020690 4508987.688937 8372846.363862 9567441.358309 2869728.181020
0.177422 6482502.625847 5531086.034920 7542505.250647 4655046.689988 8568239.941692 9765111.242631 2942370.964194
0.180388 6720178.476909 5750704.698850 7788285.649045 4855269.594102 8833343.480539 10031565.883990 3041032.412955
0.183045 6942806.114067 5946079.264604 8010214.197836 5038923.352511 9088725.692931 10271615.643669 3130635.979014
0.185464 7144166.312276 6121568.760801 8212675.675156 5200496.371407 9295267.714006 10491265.844752 3213214.826871
0.187697 7333038.098250 6284570.662258 8412592.684117 5345301.436115 9505929.450607 10694952.022602 3290290.000178
0.190263 7549535.286497 6479136.710768 8639866.896017 5509345.537582 9771053.936461 10947740.886326 3379860.372683
0.192043 7699249.877898 6626438.891822 8788970.146915 5633180.931377 9957074.749198 11127136.129362 3442622.247499
0.194671 7915321.615230 6837127.141504 9032188.221327 5811152.192945 10215902.071012 11393738.980557 3536223.347432
0.196533 8072550.207560 6987514.217983 9209066.576422 5939030.382844 10377876.792669 11583885.451620 3603218.868440
0.199734 8362269.980986 7242281.234064 9506144.528428 6156243.331341 10679331.876868 11912643.174221 3719605.263636
0.201723 8546331.238363 7404563.593695 9702947.602560 6286845.980347 10866179.305394 12116779.993812 3792455.487400
0.204102 8760376.793872 7614741.479916 9933429.916014 6444754.835847 11119520.356012 12366226.524849 3880074.118284
0.207424 9068187.444574 7898464.419491 10257877.616661 6709207.392887 11478888.920998 12757568.444741 4003300.243664
0.210211 9328250.727342 8124154.902571 10525246.127361 6911234.121798 11773552.144367 13085971.699038 4107464.052467
0.212151 9507858.104242 8284542.762167 10712755.508300 7055954.491618 11959036.271618 13314615.323797 4180390.401650
0.213781 9652512.157422 8431841.668479 10874106.036322 7183589.351758 12124822.247738 13506751.849002 4241928.192203
0.216578 9922973.237791 8652553.434368 11156990.469260 7404715.775908 12409559.868741 13836509.250952 4348084.371905
0.219051 10157660.233181 8855088.755835 11402746.199671 7589205.224547 12666892.699029 14128131.154213 4442530.308787
0.222077 10452218.551172 9125237.547687 11711589.885724 7810073.448432 12987328.254374 14485043.631663 4554274.739885
0.224485 10671634.920494 9339026.274712 11957123.382102 8006298.724230 13216693.022613 14732949.819037 4635463.495620
0.228031 11013955.757195 9664220.971604 12317904.778927 8274512.925547 13556875.661905 15058400.852462 4755285.939997
0.231210 11320562.263808 9975082.569390 12637392.342815 8516526.502196 13870265.280747 15350128.650400 4862972.065959
0.234054 11600251.581546 10237670.956160 12949452.466706 8744849.011312 14134793.696476 15611082.797586 4959520.158838
0.235872 11771341.831722 10400028.304704 13126719.657204 8899077.589284 14328125.548320 15777879.774250 5021340.463331
0.238864 12053279.187609 10683271.449180 13430539.080586 9155336.040595 14650883.195915 16052362.323564 5123255.203229
0.241552 12320940.240958 10937909.752067 13723423.541811 9388138.598520 14947331.318210 16339331.567439 5214996.979160
0.246423 12810309.816911 11388272.121262 14244976.264075 9816225.415633 15472127.046721 16911802.847496 5381678.443473
0.248903 13063951.721193 11613683.257900 14498590.002610 10033112.155387 15743362.752759 17203788.422564 5466754.186996
0.252559 13446643.899580 11951670.965268 14890387.471495 10347664.801848 16145047.005982 17634863.251625 5592430.282588
0.256291 13833200.365509 12301207.341966 15291153.371557 10688790.015407 16543282.756563 18075666.503960 5721032.539666
0.260825 14314918.152750 12723608.912756 15790113.682384 11106367.601299 17022962.790852 18612226.374837 5877692.004023
0.264088 14659772.045992 13034956.565325 16152574.119437 11404007.795264 17392736.197028 18999063.639259 5990717.830888
0.268380 15102676.410644 13455815.256044 16597105.251056 11786316.066908 17889303.108314 19508758.299790 6139741.836768
0.272983 15621849.975836 13902632.772862 17114819.343918 12161731.519320 18394269.365240 20056465.481107 6300006.836316
0.275700 15903322.116760 14180684.146894 17426757.510438 12385509.086261 18710440.186785 20380277.032662 6394818.481051
0.279878 16348559.872930 14610340.849519 17872128.861342 12732766.313143 19176172.503796 20878951.343146 6540916.945933
0.284358 16833326.339953 15057636.195746 18383196.251078 13180125.879350 19676602.560935 21414657.417237 6697980.856990
0.289274 17377005.634595 15582655.218398 18930335.867663 13702968.476847 20263941.180914 22003656.772227 6870806.298688
0.295721 18086766.055623 16256664.926561 19680607.975634 14323655.906785 21030275.497157 22777895.856206 7098198.339263
0.299291 18474165.318472 16629768.328154 20090508.928459 14656028.840572 21431055.101358 23207496.276353 7224473.443180
0.305970 19216170.866051 17335274.166381 20858406.275401 15263603.175436 22182103.153260 24012857.757858 7461391.637024
0.310549 19749669.186681 17837453.733560 21374939.410861 15680721.839844 22688281.945275 24566213.024812 7624319.203226
0.314988 20247576.550996 18308113.921598 21870306.724392 16113467.402574 23188069.310421 25103578.650757 7782648.776314
0.321131 20953378.718870 18982583.101988 22586802.667171 16734303.451986 23909319.402872 25848709.990838 8002370.664241
0.324967 21401215.322046 19417820.235904 23008350.201829 17136824.094655 24380901.505734 26314871.782633 8139933.342765
0.329585 21941344.280656 19924240.733807 23554996.069347 17538473.107597 24940181.191784 26876934.102696 8305899.067311
0.335582 22643714.843978 20623147.409223 24301179.880908 18205182.608480 25655876.097892 27608235.927970 8522003.990760
0.345331 23775239.265888 21744777.294098 25434181.625573 19202667.647020 26858511.964059 28800389.510464 8874688.087007
0.351798 24528773.576732 22511021.093858 26216363.615558 19963986.218007 27682646.547465 29593426.764902 9109562.884927
0.356879 25148026.781008 23102101.186651 26823366.508864 20504998.317853 28332973.489949 30217722.258294 9294606.614097
0.364916 26129951.617105 24066727.150715 27857140.058049 21405848.057600 29379910.192285 31207376.188304 9588201.385021
0.373225 27173557.024401 25058038.638965 28891572.015373 22389637.244124 30560567.372231 32233256.546890 9892869.365123
0.380567 28097092.160071 25954963.420017 29834370.142559 23132801.464448 31512949.986966 33142014.262963 10163025.043317
0.387184 28937612.476628 26780206.580994 30702982.659914 23881646.933572 32415133.976980 33962827.499336 10407250.831651
0.397325 30231752.697476 28009914.209163 32042943.081912 25086554.784609 33817576.143314 35335750.593938 10782876.582181
0.406939 31443682.137037 29231803.879471 33346728.721391 26197528.322824 35057935.755252 36711866.584087 11139159.535378
0.417342 32782092.430383 30542928.506464 34712870.754017 27392564.901688 36438153.489084 38180794.324281 11523948.360753
0.425856 33826579.959823 31550280.856598 35843687.521115 28357765.446855 37560868.586818 39367975.587636 11838313.003438
0.438174 35336413.885480 33032780.025784 37464709.774762 29722441.290966 39247498.496458 41062557.755055 12292275.196110
0.446743 36440064.616074 34067151.540194 38598562.575979 30711739.536604 40536257.723512 42225888.872988 12607489.026931
0.456205 37643822.519379 35199286.395080 39806323.950744 31847995.464961 41855909.196583 43496193.552900 12955008.758427
0.469084 39302944.970896 36717694.228827 41471974.055146 33324223.547717 43580496.057796 45202026.637771 13427133.550089
0.481478 40860525.634629 38151586.556569 43065194.330317 34702535.139502 45167345.599640 46886696.653581 13880531.257800
0.496785 42737015.048558 39996206.926965 45029330.822014 36445614.336854 47080320.378583 49032467.771419 14439248.212768
0.513169 44733085.894784 41919088.179347 47162744.828083 38408243.899552 49336311.501292 51408685.883653 15035801.310745
0.528870 46675330.630905 43724342.768075 49223648.108110 40232320.788816 51385945.860727 53448691.120548 15606102.095603
0.547672 49000547.916179 45915516.987900 51578460.021283 42272536.428779 53951392.335569 55988295.052107 16287318.565107
0.567282 51375975.504808 48091168.990260 54096634.207468 44492517.304329 56606557.594670 58601245.163425 16995882.562180
0.586772 53777819.805084 50230719.206422 56630342.827754 46760743.547011 59273453.684426 61262175.121158 17698232.336256
0.609862 56604094.918036 52726149.005808 59613652.040004 49074791.005871 62369618.577080 64409048.091535 18527981.809562
0.637937 59966216.172903 55817503.894238 63209554.615868 52043333.610794 66183425.280010 68190539.759430 19533604.073357
0.664889 63130227.086955 58789123.848549 66667408.008694 54598867.004162 69618734.172892 71776948.884054 20495778.088483
0.698979 67119775.648807 62550870.092181 71104552.750805 58215941.334325 74129553.696475 76529430.296894 21708469.101109
0.740907 71875164.502211 66938603.250543 76465744.602644 62220736.755643 79899930.973677 82590692.743794 23193733.171119
0.781927 76622935.616613 71299100.395311 81564011.650328 65857059.060822 85630492.116251 88497594.331338 24640537.877641
0.826119 81605813.863802 75568582.824070 87396355.623216 69810703.719478 91848802.538372 95173054.405463 26192660.867457
0.884085 88416433.039180 81510133.592749 94622751.930154 74447879.700158 100092362.291671 104760638.400625 28218877.045978
0.948687 95728218.395196 88017903.586386 102752284.211396 79757373.330456 109414494.334531 115582283.531290 30464981.985847
1.030736 104801520.580334 95688543.987408 113431211.712200 85833796.991763 121337538.659117 129490008.130721 33300747.087845
1.141983 116950903.387235 105552114.575396 128298461.236961 93867346.979011 138214372.627363 148618650.110063 37118042.076714
1.292162 132670682.063622 118429936.809936 148121335.266125 103593701.060585 161698812.002950 175433533.703473 42226160.609599
1.524671 156141158.595419 137863857.939338 178891251.083489 117030454.368423 201850717.208442 219075377.330898 50045979.917612
1.951984 197395073.760922 169917938.079382 236121615.800563 139340351.136680 277530676.634981 303184208.317699 64186724.506625
