0.020463 36.371597 30.157688 41.276961 26.850257 43.161514 43.524562 26.195392
0.027854 103.613735 85.911837 117.587911 76.489781 122.956541 123.990774 74.624231
0.036139 262.204123 217.407835 297.567066 193.564452 311.152878 313.770101 188.843506
0.043897 538.787996 446.738711 611.453251 397.744331 639.369946 644.747924 388.043533
0.049461 846.101372 701.549105 960.213364 624.609357 1004.053158 1012.498622 609.375428
0.054809 1252.412579 1038.444035 1421.322947 924.556609 1486.215300 1498.716409 902.007107
0.058661 1625.258059 1347.590694 1844.453348 1199.798777 1928.664271 1944.886982 1170.536246
0.063969 2266.664959 1879.416373 2572.365508 1673.298483 2689.810210 2712.435203 1632.487517
0.067388 2767.366087 2294.575170 3140.595191 2042.926308 3283.983161 3311.605962 1993.100292
0.070777 3338.196131 2767.881702 3788.411936 2464.324734 3961.376825 3994.697436 2404.221008
0.073844 3923.030052 3252.799617 4452.121233 2896.061109 4655.388635 4694.546837 2825.427536
0.078110 4851.333301 4022.506811 5505.622875 3581.353575 5756.989269 5805.413443 3494.006039
0.082075 5841.465009 4843.479375 6629.291657 4312.289075 6931.960615 6990.267909 4207.114364
0.085891 6916.471491 5734.826275 7849.282105 5105.880871 8207.651317 8276.688920 4981.350829
0.088243 7640.418105 6335.090161 8670.865943 5640.313084 9066.745638 9143.009401 5502.748490
0.091038 8564.224176 7101.068498 9719.263883 6322.285641 10163.009553 10248.494400 6168.088056
0.094217 9699.241674 8042.173826 11007.358911 7160.178798 11509.914239 11606.728401 6985.545391
0.097051 10788.710642 8945.512366 12243.762369 7964.447097 12802.767310 12910.456139 7770.197963
0.100845 12362.478382 10250.409611 14029.781003 9126.234667 14670.328954 14793.726538 8903.650078
0.103137 13377.880906 11092.335595 15182.128824 9875.825600 15875.288719 16008.821666 9634.958840
0.105638 14542.199629 12057.736178 16503.476875 10735.349522 17256.964638 17402.119374 10473.519375
0.108876 16135.435383 13378.775421 18311.589134 11911.508777 19147.628621 19308.686434 11620.992658
0.110970 17217.923269 14276.325563 19540.069985 12710.623498 20432.197368 20604.060165 12400.617345
0.113049 18332.363852 15200.369441 20804.812931 13533.326356 21754.683802 21937.670524 13203.254865
0.114662 19224.124050 15939.776784 21816.843035 14191.641992 22812.919460 23004.807395 13845.514492
0.117871 21069.265446 17469.684827 23910.834944 15553.763151 25002.515301 25212.820740 15174.414153
0.121423 23218.667493 19251.872081 26350.122527 17140.495752 27553.171740 27784.931697 16722.447089
0.124491 25164.475487 20865.248326 28558.357735 18576.931053 29862.226807 30113.409083 18123.848406
0.128337 27717.171992 22981.829159 31455.331289 20461.383881 32891.465468 33168.127795 19962.340312
0.130484 29195.479059 24207.574717 33133.014660 21552.700426 34645.745661 34937.163890 21027.040158
0.133529 31356.140562 25999.097805 35585.080239 23147.744988 37209.763492 37522.748627 22583.182330
0.136915 33843.249072 28061.296029 38407.620076 24983.779414 40161.170067 40498.980578 24374.436736
0.139606 35881.014293 29750.919061 40720.214598 26488.099424 42579.349109 42937.499822 25842.067086
0.142699 38286.878347 31745.753046 43450.552703 28264.157529 45434.344361 45816.509499 27574.807966
0.144931 40064.723964 33219.862463 45468.172786 29576.599565 47544.081520 47943.992441 28855.240156
0.147095 41819.765307 34675.063604 47459.913029 30872.207020 49626.757263 50044.186342 30119.248352
0.149448 43761.370514 36284.955089 49663.378629 32305.539739 51930.824959 52367.634407 31517.622757
0.151889 45811.820575 37985.095818 51990.368771 33819.223958 54364.056870 54821.333136 32994.388926
0.154959 48439.907934 40164.187347 54972.900991 35759.331856 57482.760489 57966.269329 34887.178502
0.157361 50531.916731 41898.786706 57347.054811 37303.695585 59965.309399 60469.699879 36393.875923
0.159597 52505.911563 43535.534207 59587.278360 38760.938988 62307.813275 62831.907425 37815.577841
0.161673 54361.325883 45073.960094 61692.928681 40130.643829 64509.599809 65052.214002 39151.876223
0.163786 56271.199983 46657.541575 63860.383664 41540.551995 66776.012776 67337.690610 40527.397389
0.165447 57785.309535 47912.972940 65578.698129 42658.298668 68572.779129 69149.570232 41617.882744
0.168744 60826.032306 50434.203146 69029.517071 44903.022477 72181.149711 72788.292159 43807.858792
0.170500 62462.945759 51791.457967 70887.197752 46111.425504 74123.645227 74747.126726 44986.789435
0.172404 64250.297526 53273.449455 72915.606061 47430.885175 76244.663163 76885.985331 46274.068103
0.174513 66244.960836 54927.334325 75179.285603 48903.386471 78611.693947 79272.926090 47710.655782
0.176194 67845.235227 56254.209690 76995.385787 50084.741794 80510.710553 81187.916030 48863.198401
0.178401 69958.690664 58006.591635 79393.878712 51644.937870 83018.709801 83717.010991 50385.342026
0.180539 72018.802113 59714.743152 81731.833253 53165.754323 85463.406706 86182.271149 51869.066478
0.184524 75889.770736 62924.375779 86124.871637 56023.382620 90057.014988 90814.517975 54656.998560
0.186298 77623.321806 64361.758155 88092.223256 57303.125514 92114.188611 92888.995249 55905.529124
0.188883 80161.572202 66466.360925 90972.802383 59176.913928 95126.284335 95926.426829 57733.616716
0.192108 83342.833873 69104.119650 94583.114424 61525.386431 98901.429882 99733.326527 60024.811075
0.194430 85642.881542 71011.215460 97193.364900 63223.328714 101630.854748 102485.709599 61681.341341
0.197090 88284.418941 73201.459156 100191.161141 65173.365709 104765.519287 105646.740965 63583.817846
0.200019 91201.029005 75619.780702 103501.128545 67326.466976 108226.607569 109136.941746 65684.405983
0.201669 92846.655762 76984.260202 105368.697676 68541.302343 110179.443005 111106.203205 66869.612083
0.204226 95398.650100 79100.258830 108264.874363 70425.236816 113207.848417 114160.081659 68707.598277
0.206826 97996.309387 81254.120773 111212.874739 72342.882089 116290.443594 117268.605689 70578.473081
0.209950 101117.671594 83842.213563 114755.208795 74647.135581 119994.507533 121003.825885 72826.526909
0.211811 102976.657470 85383.600824 116864.912361 76019.477018 122200.532367 123228.406413 74165.397581
0.213071 104235.266035 86427.182291 118293.266934 76948.607631 123694.100331 124734.537331 75071.867134
0.215125 106284.915292 88126.659030 120619.348269 78461.700680 126126.381943 127187.277767 76548.056552
0.217089 108241.485936 89748.959179 122839.797664 79906.081190 128448.208851 129528.634423 77957.209298
0.218731 109876.811513 91104.897406 124695.676316 81113.312015 130388.820064 131485.568837 79134.996328
0.222274 113396.786374 94023.501834 128690.383114 83711.829530 134565.910412 135697.794243 81670.137219
0.224584 115684.331917 95920.231445 131286.445329 85400.542488 137280.499233 138435.216478 83317.663258
0.226380 117460.020210 97392.552106 133301.617133 86711.391943 139387.676334 140560.117829 84596.541709
0.228178 119233.101477 98862.711138 135313.830308 88020.316838 141491.759726 142681.899447 85873.542540
0.230242 121263.147217 100545.933525 137617.664239 89518.938170 143900.778200 145111.181070 87335.613199
0.233845 124790.976757 103471.050699 141621.285061 92123.254170 148087.189553 149332.805883 89876.411151
0.236378 127259.415916 105517.769139 144422.637649 93945.506498 151016.441548 152286.696904 91654.219599
0.238131 128961.690797 106929.218709 146354.494923 95202.160670 153036.500285 154323.747105 92880.224564
0.239719 130498.175246 108203.202330 148098.201943 96336.424951 154859.818524 156162.401950 93986.824670
0.241920 132620.614580 109963.033317 150506.890405 97903.253124 157378.478799 158702.247613 95515.438639
0.243881 134503.553978 111524.281759 152643.778057 99293.277542 159612.928844 160955.492446 96871.561012
0.246043 136570.168185 113237.825068 154989.112369 100818.894463 162065.342453 163428.534217 98359.968851
0.247695 138142.537802 114541.563052 156773.544318 101979.649910 163931.244970 165310.131532 99492.414016
0.250051 140374.095310 116391.869909 159306.067502 103627.031353 166579.393804 167980.554929 101099.616598
0.251763 141988.042505 117730.082145 161137.684513 104818.480219 168494.635679 169911.906614 102262.006584
0.255492 145480.978061 120626.266801 165101.705270 107397.036765 172639.638973 174091.775070 104777.673343
0.258606 148370.743592 123022.330070 168381.207672 109530.320849 176068.871335 177549.851979 106858.927628
0.261318 150868.138801 125093.057562 171215.421555 111373.949127 179032.484949 180538.393648 108657.590675
0.264103 153413.841351 127203.839322 174104.457893 113253.238873 182053.424010 183584.742948 110491.045425
0.266624 155699.797188 129099.250821 176698.716001 114940.778278 184766.126355 186320.262840 112137.426534
0.269157 157979.533222 130989.505140 179285.915453 116623.726096 187471.447773 189048.339720 113779.328043
0.272302 160785.335234 133315.949646 182470.130345 118695.026591 190801.042150 192405.940552 115800.110490
0.274535 162760.689606 134953.824415 184711.896792 120153.273634 193145.159368 194769.775010 117222.791570
0.277562 165416.525537 137155.923809 187725.919979 122113.866097 196296.791714 197947.916906 119135.566101
0.279772 167339.127700 138750.058827 189907.819633 123533.170380 198578.308843 200248.624723 120520.254217
0.283957 170939.977328 141735.720964 193994.308615 126191.391303 202851.371810 204557.630009 123113.642378
0.287968 174343.324403 144557.622891 197856.658272 128703.811799 206890.062078 208630.291200 125564.786114
0.293196 178706.971532 148175.762319 202808.821722 131925.145456 212068.323010 213852.108407 128707.552952
0.296127 181117.235757 150174.244728 205544.153441 133704.451858 214928.539866 216736.383609 130443.462905
0.299469 183833.961550 152426.831250 208627.278583 135709.994464 218152.429108 219987.390180 132400.091266
0.302515 186280.635356 154455.502841 211403.930369 137516.179164 221055.852553 222915.235398 134162.223967
0.307446 190181.978381 157690.320554 215831.439689 140396.230466 225685.505586 227583.830162 136972.032167
0.312023 193736.432833 160637.513903 219865.276271 143020.201521 229903.512239 231837.316034 139532.005796
0.317053 197569.336063 163815.584423 224215.115458 145849.729164 234451.949008 236424.011393 142292.522586
0.320864 200421.585772 166180.541265 227452.042356 147955.318301 237836.662025 239837.194488 144346.757390
0.325711 203986.559062 169136.456361 231497.816430 150587.054577 242067.151192 244103.267870 146914.306851
0.330112 207161.908792 171769.313170 235101.419198 152931.162764 245835.281144 247903.092963 149201.243337
0.335128 210711.084469 174712.129597 239129.265067 155551.236918 250047.023570 252150.261918 151757.415110
0.340817 214645.857460 177974.665931 243594.712987 158455.966906 254716.347339 256858.861102 154591.300095
0.346689 218607.841903 181259.764772 248091.042310 161380.784945 259417.962443 261600.023236 157444.783191
0.352921 222704.682469 184656.680229 252740.415532 164405.156534 264279.608863 266502.562770 160395.391774
0.359473 226893.636500 188129.972018 257494.325377 167497.528170 269250.564663 271515.331124 163412.341914
0.365055 230368.639664 191011.287943 261437.995235 170062.846657 273374.287913 275673.740541 165915.093485
0.371049 234005.833068 194027.084701 265565.729606 172747.897300 277690.479380 280026.237097 168534.657001
0.376814 237414.047102 196853.022090 269433.602619 175263.910684 281734.945180 284104.722400 170989.305997
0.382771 240844.554794 199697.444376 273326.775991 177796.381703 285805.866461 288209.885711 173460.011234
0.390212 245002.804303 203145.277360 278045.840256 180866.086632 290740.385760 293185.911085 176454.847497
0.394169 247158.175201 204932.413716 280491.901697 182457.225561 293298.125326 295765.164748 178007.179293
0.400298 250421.326164 207638.071348 284195.147274 184866.150415 297170.447410 299670.058371 180357.351598
0.408433 254616.031025 211116.131466 288955.583551 187962.767431 302148.227615 304689.708532 183378.443576
0.416954 258846.996316 214624.257097 293757.170630 191086.152639 307169.037415 309752.750228 186425.650881
0.426183 263249.808700 218274.870589 298753.781474 194336.398890 312393.775045 315021.435065 189596.625149
0.434715 267159.864617 221516.912639 303191.178777 197222.882227 317033.767509 319700.456229 192412.708509
0.443495 271029.128893 224725.132098 307582.282951 200079.252340 321625.353272 324330.663524 195199.413093
0.452026 274645.647806 227723.786501 311686.554504 202749.040651 325917.010696 328658.419673 197804.086518
0.461777 278613.018142 231013.351082 316188.996105 205677.834665 330625.017141 333406.026908 200661.448618
0.473296 283082.986879 234719.647593 321261.820544 208977.657111 335929.447997 338755.075301 203880.789939
0.482564 286516.720315 237566.744520 325158.654710 211512.509440 340004.197209 342864.098742 206353.818408
0.492304 289977.336360 240436.131294 329085.997089 214067.207062 344110.847527 347005.291619 208846.208151
0.502057 293297.030189 243188.671721 332853.411354 216517.873017 348050.268004 350977.848025 211237.103512
0.514123 297213.697165 246436.195363 337298.311336 219409.236774 352698.105693 355664.780402 214057.948261
0.527992 301470.279673 249965.561635 342128.970574 222551.533136 357749.314979 360758.477284 217123.605486
0.543827 306031.575316 253747.582299 347305.438996 225918.774973 363162.121818 366216.813252 220408.721873
0.560079 310406.364522 257374.960235 352270.247232 229148.333940 368353.604851 371451.963776 223559.513409
0.578830 315099.243570 261266.083925 357596.045449 232612.713342 373922.559332 377067.760800 226939.398220
0.598582 319667.892967 265054.201990 362780.859410 235985.383870 379344.092737 382534.896736 230229.810894
0.618431 323907.091228 268569.154029 367591.789823 239114.846825 384374.672453 387607.790526 233282.947713
0.637950 327763.989116 271767.119837 371968.859780 241962.087817 388951.583248 392223.199417 236060.745831
0.657756 331390.189355 274773.801558 376084.118360 244639.023081 393254.729326 396562.540854 238672.391898
0.687233 336306.562595 278850.236553 381663.552980 248268.390471 399088.900311 402445.785217 242213.240717
0.714201 340357.694078 282209.252101 386261.052427 251259.018680 403896.304592 407293.626360 245130.928904
0.739579 343826.472223 285085.406520 390197.657711 253819.741731 408012.640725 411444.586525 247629.197120
0.770459 347650.903804 288256.452731 394537.882695 256643.015429 412551.024342 416021.144171 250383.612495
0.801529 351112.416882 291126.583285 398466.243087 259198.375259 416658.739152 420163.410495 252876.648296
0.838925 354833.216291 294211.702372 402688.859236 261945.145567 421074.144349 424615.955304 255556.426163
0.887394 359039.688070 297699.519087 407462.649412 265050.449163 426065.888142 429649.686508 258585.992858
0.949909 363622.332828 301499.241474 412663.346261 268433.451354 431504.029589 435133.570181 261886.485210
1.027891 368292.300259 305371.367884 417963.142817 271880.916931 437045.795269 440721.949710 265249.868716
1.116502 372528.984912 308884.235753 422771.220617 275008.524289 442073.392133 445791.835558 268301.195196
1.226988 376645.486638 312297.453357 427442.906659 278047.410149 446958.370095 450717.902883 271265.964054
1.375724 380762.589687 315711.169552 432115.275124 281086.739918 451844.061636 455644.689790 274231.165994
