0.015998 143.336598 120.974163 168.528451 111.391723 181.215818 182.643751 109.702174
0.023035 423.969222 357.824326 498.483132 329.480837 536.010552 540.234176 324.483390
0.027616 724.855876 611.768618 852.251551 563.310042 916.411801 923.632888 554.765959
0.031458 1063.274369 897.389278 1250.148148 826.306511 1344.263338 1354.855785 813.773393
0.034215 1359.825780 1147.674684 1598.819392 1056.766653 1719.183680 1732.730401 1040.737998
0.038262 1883.267661 1589.452598 2214.257813 1463.551061 2380.954293 2399.715595 1441.352447
0.041782 2429.557646 2050.514004 2856.559963 1888.091504 3071.611023 3095.814522 1859.453615
0.044063 2831.298528 2389.577909 3328.908054 2200.297945 3579.519005 3607.724686 2166.924621
0.048086 3635.616916 3068.411820 4274.587902 2825.360997 4596.392686 4632.611069 2782.506942
0.051145 4331.546018 3655.766630 5092.828709 3366.191064 5476.233304 5519.384603 3315.133894
0.053568 4935.957237 4165.881576 5803.467081 3835.899485 6240.370828 6289.543331 3777.717948
0.056690 5785.983717 4883.292502 6802.888360 4496.483842 7315.031769 7372.672322 4428.282800
0.059926 6752.547743 5699.059551 7939.329021 5247.633472 8537.027354 8604.296915 5168.039263
0.062683 7645.556787 6452.747183 8989.287183 5941.621035 9666.029758 9742.195565 5851.500673
0.065232 8528.704000 7198.111563 10027.650267 6627.944635 10782.564169 10867.527978 6527.414365
0.067145 9227.666588 7788.026593 10849.457704 7171.132126 11666.239924 11758.166868 7062.362984
0.069452 10111.826943 8534.246051 11889.011993 7858.243073 12784.055218 12884.790257 7739.052081
0.071307 10855.507692 9161.902609 12763.396948 8436.182562 13724.266696 13832.410358 8308.225592
0.073338 11702.895551 9877.086575 13759.715860 9094.716357 14795.591714 14912.177139 8956.770985
0.075596 12685.941340 10706.764010 14915.535005 9858.674523 16038.424657 16164.803284 9709.141709
0.077113 13370.273591 11284.331233 15720.140779 10390.492285 16903.603753 17036.799767 10232.893051
0.078345 13939.737079 11764.950764 16389.689247 10833.041641 17623.557992 17762.427058 10668.729979
0.080212 14826.746648 12513.574920 17432.593508 11522.366809 18744.975454 18892.680999 11347.599712
0.082302 15852.528561 13379.321070 18638.659784 12319.536663 20041.838295 20199.762783 12132.678381
0.084469 16953.567316 14308.582982 19933.209526 13175.191157 21433.845923 21602.739070 12975.354617
0.085820 17658.426508 14903.474668 20761.949914 13722.961100 22324.976565 22500.891590 13514.816183
0.087805 18720.009108 15799.436117 22010.108960 14547.952880 23667.101055 23853.591673 14327.294787
0.089367 19576.716535 16522.485672 23017.385383 15213.729227 24750.208500 24945.233724 14982.972878
0.090897 20433.341003 17245.465211 24024.564267 15879.441104 25833.211064 26036.770067 15638.587478
0.092549 21377.492935 18042.316754 25134.653839 16613.173537 27026.871765 27239.836505 16361.190922
0.094439 22481.983804 18974.492204 26433.262414 17471.510785 28423.243788 28647.211577 17206.509221
0.096164 23512.319378 19844.081583 27644.682672 18272.219445 29725.863676 29960.095772 17995.073021
0.098246 24783.116478 20916.617257 29138.826316 19259.798896 31332.491280 31579.383184 18967.673224
0.101244 26664.247836 22504.266844 31350.572365 20721.689764 33710.744714 33976.376639 20407.390659
0.102222 27290.414848 23032.743387 32086.790177 21208.305349 34502.387382 34774.257246 20886.625435
0.104189 28567.728317 24110.778789 33588.595463 22200.948891 36117.253420 36401.848010 21864.212919
0.106627 30183.885966 25474.794126 35488.797847 23456.919719 38160.509178 38461.204093 23101.133634
0.109263 31971.018630 26983.110078 37590.024638 24845.761019 40419.923109 40738.421619 24468.909491
0.111189 33300.838524 28105.460198 39153.564517 25879.209082 42101.171320 42432.917630 25486.682588
0.112691 34352.094342 28992.705981 40389.581816 26696.175571 43430.239994 43772.459021 26291.257624
0.114827 35867.120167 30271.367418 42170.878145 27873.553434 45345.638063 45702.949930 27450.777445
0.116839 37314.731360 31493.131811 43872.911509 28998.541103 47175.805997 47547.539112 28558.701708
0.119179 39021.998555 32934.042380 45880.236226 30325.316244 49334.248602 49722.989686 29865.352802
0.121138 40471.103720 34157.067665 47584.026133 31451.464929 51166.305316 51569.482531 30974.420471
0.123542 42270.289916 35675.556636 49699.424901 32849.673437 53440.958136 53862.059026 32351.421457
0.126034 44160.044239 37270.483889 51921.309427 34318.265503 55830.113306 56270.040119 33797.738449
0.127874 45569.412477 38459.971742 53578.378518 35413.533278 57611.931911 58065.898992 34876.393598
0.128966 46411.962271 39171.072445 54569.009060 36068.307249 58677.140320 59139.500967 35521.236194
0.131406 48308.492643 40771.718592 56798.860546 37542.165211 61074.862228 61556.116302 36972.739212
0.133126 49656.377447 41909.315254 58383.640299 38589.652128 62778.949320 63273.631158 38004.338225
0.134991 51126.970687 43150.476186 60112.694877 39732.499925 64638.172711 65147.504747 39129.851719
0.136896 52638.919544 44426.540702 61890.373450 40907.486571 66549.680669 67074.074892 40287.016593
0.138388 53829.522232 45431.393371 63290.228266 41832.744231 68054.921077 68591.176204 41198.240279
0.139978 55103.934939 46506.980569 64788.622971 42823.133493 69666.119776 70215.070730 42173.607674
0.141623 56427.580353 47624.119511 66344.903186 43851.783158 71339.561791 71901.699035 43186.655153
0.144915 59092.297219 49873.104736 69477.952333 45922.624854 74708.476998 75297.160420 45226.087070
0.146616 60476.664372 51041.492009 71105.626321 46998.463440 76458.687541 77061.162168 46285.607725
0.148639 62127.776978 52435.008860 73046.927105 48281.598947 78546.135719 79165.058896 47549.281096
0.151337 64337.863605 54300.292273 75645.443334 49999.132092 81340.276643 81981.216926 49240.763319
0.153609 66204.339349 55875.572718 77839.957998 51449.633586 83700.001458 84359.535761 50669.264130
0.155661 67893.379907 57301.100250 79825.852689 52762.244189 85835.400717 86511.761412 51961.965530
0.157533 69436.241140 58603.254397 81639.876586 53961.253890 87785.990191 88477.721025 53142.789085
0.159667 71196.807814 60089.149010 83709.868330 55329.449860 90011.817601 90721.087377 54490.232752
0.161807 72962.989536 61579.782648 85786.461986 56702.009473 92244.743934 92971.608591 55841.973877
0.164474 75164.398644 63437.742352 88374.775595 58412.799024 95027.914152 95776.709468 57526.814791
0.166482 76820.665776 64835.609553 90322.136829 59699.940289 97121.879029 97887.174246 58794.433161
0.168489 78475.505283 66232.271859 92267.819529 60985.972097 99214.039007 99995.819902 60060.958904
0.169911 79646.295062 67220.402699 93644.379255 61895.832474 100694.230596 101487.675016 60957.018847
0.171570 81010.831445 68372.053068 95248.737153 62956.259896 102419.369739 103226.407808 62001.362089
0.175210 83996.898064 70892.253166 98759.614272 65276.833365 106194.557027 107031.342593 64286.737938
0.177422 85805.595870 72418.769808 100886.196346 66682.433667 108481.235069 109336.039065 65671.018603
0.180388 88221.754393 74457.975132 103727.002248 68560.112259 111535.906014 112414.780025 67520.217244
0.183045 90376.073011 76276.191094 106259.949066 70234.306196 114259.541251 115159.876801 69169.017612
0.185464 92328.612647 77924.108308 108555.653619 71751.690854 116728.073858 117647.860805 70663.387128
0.187697 94122.950629 79438.505451 110665.352085 73146.131651 118996.597238 119934.259560 72036.677550
0.190263 96173.916146 81169.492785 113076.781173 74740.006393 121589.566497 122547.660745 73606.376976
0.192043 97588.810223 82363.644372 114740.347287 75839.568485 123378.371242 124350.560807 74689.261307
0.194671 99667.740358 84118.233469 117184.655863 77455.175479 126006.695262 126999.595339 76280.363358
0.196533 101131.796440 85353.877127 118906.024357 78592.943029 127857.653936 128865.139087 77400.873661
0.199734 103631.912173 87463.941208 121845.543210 80535.867611 131018.469263 132050.860819 79314.328665
0.201723 105173.176872 88764.747901 123657.689975 81733.636591 132967.040290 134014.786080 80493.930318
0.204102 107005.236605 90310.981695 125811.739907 83157.392238 135283.254058 136349.251012 81896.090953
0.207424 109540.122978 92450.391728 128792.140447 85127.338261 138488.028778 139579.278526 83836.157547
0.210211 111644.951034 94226.838322 131266.898584 86763.071407 141149.094701 142261.312958 85447.080484
0.212151 113098.824409 95453.887912 132976.294729 87892.925630 142987.179708 144113.881599 86559.797486
0.213781 114312.204026 96477.964003 134402.929590 88835.884012 144521.216250 145660.005950 87488.453416
0.216578 116377.730912 98221.240938 136831.479253 90441.074888 147132.594976 148291.961664 89069.297337
0.219051 118186.134248 99747.509050 138957.715102 91846.446347 149418.900728 150596.282911 90453.352629
0.222077 120375.769555 101595.531824 141532.185628 93548.086079 152187.185710 153386.381261 92129.182504
0.224485 122099.217741 103050.098932 143558.535196 94887.436015 154366.085418 155582.450134 93448.217664
0.228031 124606.825403 105166.486100 146506.862707 96836.182829 157536.372548 158777.718304 95367.406590
0.231210 126823.091652 107036.985031 149112.644645 98558.518367 160338.326167 161601.750591 97063.618365
0.234054 128780.149468 108688.715528 151413.661463 100079.414256 162812.570963 164095.491794 98561.445855
0.235872 130017.957017 109733.408464 152869.017540 101041.356411 164377.490946 165672.742941 99508.797618
0.238864 132034.279191 111435.157282 155239.714610 102608.308638 166926.661749 168242.000548 101051.982881
0.241552 133822.063417 112944.023144 157341.707477 103997.656290 169186.899429 170520.048315 102420.257409
0.246423 137005.796669 115631.051224 161084.991755 106471.843191 173211.990238 174576.855796 104856.916737
0.248903 138598.841611 116975.559746 162958.019302 107709.852351 175226.025348 176606.760981 106076.148221
0.252559 140912.255938 118928.050350 165678.023396 109507.684950 178150.800136 179554.582235 107846.711945
0.256291 143231.314237 120885.304390 168404.663408 111309.903671 181082.710415 182509.595207 109621.595263
0.260825 145991.201566 123214.612206 171649.609523 113454.705555 184571.946555 186026.325622 111733.865568
0.264088 147937.974541 124857.662435 173938.533905 114967.608746 187033.188558 188506.961574 113223.821589
0.268380 150449.778362 126977.591105 176891.795064 116919.616537 190208.780756 191707.576615 115146.222031
0.272983 153082.134989 129199.264723 179986.796560 118965.309996 193536.783961 195061.803622 117160.887151
0.275700 154606.027915 130485.409873 181778.518409 120149.578782 195463.392418 197003.593254 118327.193376
0.279878 156906.654213 132427.107552 184483.486938 121937.473371 198371.999715 199935.119622 120087.969825
0.284358 159316.784322 134461.224975 187317.204913 123810.467078 201419.049132 203006.178998 121932.554641
0.289274 161894.605770 136636.871635 190348.086502 125813.779403 204678.105277 206290.915660 123905.481448
0.295721 165172.328655 139403.225701 194201.879383 128361.008830 208822.024134 210467.487523 126414.075419
0.299291 166937.457686 140892.970883 196277.235334 129732.750362 211053.619584 212716.667367 127765.010872
0.305970 170146.986246 143601.769856 200050.848525 132226.983671 215111.322565 216806.343995 130221.412551
0.310549 172279.448190 145401.539079 202558.097291 133884.192046 217807.325117 219523.590347 131853.484988
0.314988 174294.753710 147102.429856 204927.599029 135450.354199 220355.210598 222091.552505 133395.892158
0.321131 177002.322565 149387.581584 208111.031535 137554.497626 223778.302186 225541.617167 135468.120698
0.324967 178645.917763 150774.753843 210043.493703 138831.791101 225856.246348 227635.934990 136726.040647
0.329585 180577.984487 152405.392194 212315.127166 140333.265566 228298.895715 230097.831801 138204.741290
0.335582 183012.905293 154460.432632 215177.992881 142225.524964 231377.287208 233200.480220 140068.299581
0.345331 186799.039251 157655.878813 219629.551663 145167.857850 236163.973714 238024.884574 142966.004224
0.351798 189198.123482 159680.673663 222450.282412 147032.267431 239197.058185 241081.868964 144802.135115
0.356879 191022.907809 161220.767112 224595.778263 148450.369113 241504.073893 243407.063358 146198.727543
0.364916 193805.426772 163569.175724 227867.333593 150612.758807 245021.922475 246952.631674 148328.318891
0.373225 196554.064735 165888.989227 231099.053230 152748.818428 248496.936406 250455.027813 150431.979532
0.380567 198879.699834 167851.793998 233833.425935 154556.148203 251437.161520 253418.421138 152211.896381
0.387184 200896.783216 169554.185265 236205.017997 156123.691991 253987.294692 255988.648699 153755.664231
0.397325 203850.126037 172046.766917 239677.420009 158418.834689 257721.110344 259751.885849 156015.995034
0.406939 206504.834438 174287.305132 242798.701673 160481.898468 261077.372173 263134.594151 158047.767007
0.417342 209228.339989 176585.907217 246000.871798 162598.426841 264520.612009 266604.965824 160132.192642
0.425856 211349.082603 178375.785483 248494.341526 164246.527728 267201.798191 269307.279058 161755.295730
0.438174 214256.399990 180829.522288 251912.628990 166505.902502 270877.425377 273011.869232 163980.401124
0.446743 216174.071123 182448.010954 254167.336793 167996.189667 273301.874865 275455.422754 165448.084151
0.456205 218197.646358 184155.881257 256546.561671 169568.778493 275860.215478 278033.922427 166996.820519
0.469084 220804.569843 186356.089646 259611.660072 171594.706997 279156.064386 281355.741770 168992.020470
0.481478 223164.540564 188347.873220 262386.402990 173428.720145 282139.698913 284362.886564 170798.215970
0.496785 225894.448079 190651.878476 265596.100246 175550.223702 285591.032546 287841.415810 172887.541327
0.513169 228610.785166 192944.430474 268789.842028 177661.181219 289025.209525 291302.653213 174966.480603
0.528870 231033.103443 194988.834547 271637.890280 179543.646764 292087.668048 294389.243115 176820.393591
0.547672 233724.482278 197260.322115 274802.287319 181635.208378 295490.291118 297818.677972 178880.231154
0.567282 236313.394118 199445.328917 277846.208472 183647.139422 298763.368487 301117.546342 180861.645955
0.586772 238689.400869 201450.646685 280639.805802 185493.614713 301767.276848 304145.124721 182680.114575
0.609862 241278.421216 203635.745065 283683.854532 187505.630081 305040.491398 307444.131353 184661.612421
0.637937 244136.616259 206048.023271 287044.386248 189726.830219 308654.014796 311086.128378 186849.122198
0.664889 246619.718526 208143.728215 289963.901464 191656.533060 311793.320548 314250.171046 188749.556004
0.698979 249445.766860 210528.875030 293286.636586 193852.750902 315366.201903 317851.205778 190912.462406
0.740907 252512.576447 213117.221108 296892.447502 196236.072465 319243.469910 321759.025652 193259.634609
0.781927 255147.292182 215340.885782 299990.222726 198283.599266 322574.455659 325116.258705 195276.105264
0.826119 257648.094391 217451.529239 302930.548705 200227.057332 325736.138875 328302.855165 197190.085660
0.884085 260489.770991 219849.866101 306271.658809 202435.420428 329328.778540 331923.803898 199364.953102
0.948687 263180.077143 222120.448339 309434.794639 204526.148425 332730.045451 335351.871911 201423.969691
1.030736 266025.395270 224521.858602 312780.186281 206737.341475 336327.288982 338977.460787 203601.624165
1.141983 269106.832368 227122.550102 316403.195537 209132.030572 340223.050077 342903.919470 205959.991482
1.292162 272251.147032 229776.309424 320100.133288 211575.583955 344198.305243 346910.498615 208366.481930
1.524671 275621.262775 232620.641821 324062.557359 214194.615000 348459.033397 351204.800201 210945.788459
1.951984 279220.110469 235658.020912 328293.913734 216991.401390 353008.939948 355790.558836 213700.154203
