0.020056 50373.479179 24226.833408 119955.599299 13810.754796 278527.693490 733792.525254 9103.593318
0.032112 160233.007165 88138.592906 312987.809851 54647.047282 600296.708018 1375576.380504 36229.520824
0.037713 234923.122449 135343.467927 432868.367773 86341.643553 784966.459766 1704910.810473 58069.780675
0.047480 416268.980577 249909.827881 694031.599730 161557.420907 1149314.247819 2228419.647838 114141.422158
0.054559 580885.282070 360304.559231 930670.074374 239454.490191 1460437.157828 2526551.658142 170657.801632
0.058696 682658.044286 432671.074280 1073611.100639 293654.877597 1650889.326844 2698389.031047 209773.912504
0.064934 850508.009876 558300.585640 1293934.102860 383601.641966 1887444.475237 2954515.357339 277789.510497
0.070490 1013083.166657 682944.786264 1510660.087794 476029.598646 2154400.537884 3179900.951258 348017.521807
0.075801 1181991.924170 816900.596503 1723392.710577 575841.542395 2427582.791904 3393156.878318 424140.198522
0.080865 1353979.363270 954041.996756 1922407.229425 681893.801839 2685742.449679 3594658.481075 511306.464076
0.084389 1480247.717025 1057387.474893 2064640.500619 759165.505848 2842406.321561 3764831.308933 578365.742352
0.088396 1630245.324917 1185433.733786 2241085.004849 860142.130122 3025902.889102 3955739.309467 653047.802559
0.094218 1868587.892898 1374910.991597 2501978.855198 1015491.391139 3327667.655452 4227266.526673 765524.439930
0.099135 2076110.138888 1548711.747508 2737537.281560 1163282.069710 3566001.501833 4451492.768539 872166.601528
0.101766 2199665.685005 1643282.318807 2864923.578520 1249507.122695 3692326.728665 4569433.557838 934830.136508
0.104817 2338515.579706 1744109.370844 3020339.010674 1338428.029176 3848402.596113 4704448.361901 1007297.591100
0.108263 2491779.525707 1872429.610187 3191629.746022 1447886.787638 4017830.307796 4854773.670302 1091405.454008
0.110941 2613597.139363 1977199.475348 3329012.770263 1538203.676516 4163810.212458 4970072.830349 1159334.095874
0.113955 2748346.450261 2095408.025958 3483553.190706 1629869.413602 4328561.692509 5098308.031938 1238496.335848
0.118798 2981369.425982 2296207.256802 3735057.665346 1799822.946488 4574177.165090 5309011.771432 1371777.111079
0.122855 3177506.458595 2465413.996481 3942158.044478 1957779.851760 4791919.980865 5490552.010241 1489267.436224
0.127886 3433819.534580 2685072.978638 4212569.616901 2155365.398182 5057017.498103 5713857.031385 1642463.152119
0.130119 3540094.756015 2783220.693498 4331187.811558 2243437.778133 5179697.641468 5812348.558243 1713147.989108
0.133188 3696506.148045 2928300.056419 4488952.538148 2367406.083611 5342760.014862 5957705.555782 1813019.909476
0.136893 3886907.006412 3102041.804658 4685847.349636 2521591.014890 5539027.778692 6178140.791799 1937824.294315
0.140223 4041931.751513 3260872.803820 4869767.887617 2662154.917733 5717781.956044 6374874.123404 2053985.830822
0.143392 4200924.348155 3413643.346734 5047070.325900 2795826.686189 5901835.469937 6560910.844338 2168069.294871
0.146604 4370722.549772 3568160.568200 5229588.213391 2942063.946006 6065659.865875 6748326.547570 2287250.784452
0.149579 4536966.688401 3714981.272186 5395297.011023 3075369.838857 6210093.512471 6920912.871463 2400851.225790
0.153299 4722724.999347 3893727.311216 5592944.139077 3245049.697407 6414224.705620 7135402.058488 2547281.716193
0.155801 4860652.074474 4010593.272270 5734687.367447 3365284.945215 6551286.728599 7278861.577108 2648527.186755
0.159029 5037125.046130 4178214.120927 5907702.518838 3518888.106540 6733431.269080 7399239.684425 2782453.230380
0.161614 5177143.472359 4316203.119879 6043976.453936 3636625.096610 6883848.234874 7485217.753332 2892401.833017
0.164631 5337024.394955 4475024.549823 6203744.381526 3766737.282516 7034536.011434 7584479.348007 3023781.638906
0.168994 5591080.039066 4717671.764603 6460888.946449 3987024.341571 7247705.369198 7733420.402237 3219641.292191
0.173269 5841108.707657 4950795.372022 6714177.665512 4214369.485547 7483394.451036 7950258.183503 3418334.677622
0.176257 6008047.851346 5117822.901606 6892447.766440 4364028.940455 7648616.739981 8100881.628299 3561230.478101
0.180339 6236447.839649 5366715.041817 7137014.040184 4568617.715567 7857894.024882 8305444.308515 3761831.957804
0.183358 6421241.903810 5528578.597858 7312787.844589 4727276.547613 8034273.502387 8455860.294320 3914223.375154
0.186103 6579596.965860 5679507.477218 7469970.474314 4860741.726421 8176931.082351 8591993.038041 4041841.784292
0.190306 6837592.107564 5929332.028636 7721941.468938 5095398.480309 8407494.121942 8841090.068740 4236746.439278
0.194328 7081772.331030 6175826.697687 7961679.272301 5298751.210179 8646759.172894 9083204.477150 4455254.308395
0.197438 7277624.196077 6364639.790304 8123676.267090 5466566.719567 8828091.479391 9269187.861821 4627332.137735
0.201774 7539684.036025 6628150.532362 8365647.570973 5710550.350856 9093319.492694 9525972.723662 4870071.357628
0.205634 7781720.800942 6869647.205363 8591174.484483 5925934.432077 9295143.053604 9757793.620287 5088912.707743
0.210547 8055570.044828 7175685.119181 8877450.577077 6207860.735711 9598180.254346 10049305.745557 5371169.503556
0.213500 8232684.131504 7349413.875327 9051247.019713 6386746.783321 9797674.319971 10222664.549168 5542810.750818
0.217114 8443910.416038 7568298.745030 9259534.194054 6610185.167355 10024786.353535 10432983.727027 5754890.009881
0.220717 8660516.936702 7785797.372470 9473575.893928 6827761.619103 10249387.385166 10640691.322132 5968521.435001
0.225649 8959921.593701 8085650.162660 9774787.450049 7132788.278721 10532100.959688 10921913.419751 6264485.751179
0.229631 9191466.142900 8322569.150782 10015166.493343 7373540.451451 10792854.359042 11153615.944183 6499553.811504
0.233644 9426427.858474 8568851.450996 10261921.324562 7622681.458282 11021347.309672 11388888.958176 6714772.371522
0.239625 9791334.531870 8926669.800190 10601757.527448 7986855.033506 11400132.912538 11740274.997177 7040420.226078
0.243353 10004155.410636 9157314.618581 10835771.499571 8234130.155601 11638359.790580 11947696.093993 7246340.112235
0.250794 10443844.918629 9603049.247070 11280743.668279 8677967.411881 12109113.025430 12466264.352303 7664058.415825
0.254721 10671174.910205 9833576.916002 11498215.092280 8913294.677506 12344868.678180 12748843.250284 7888091.333032
0.258425 10898284.768662 10073667.956835 11718804.707982 9163674.303504 12569601.251961 13014476.281492 8101656.637583
0.263963 11222398.250777 10411740.618401 12034139.201541 9522003.777169 12908550.007008 13410040.339356 8386075.702506
0.270671 11622401.017704 10827186.172893 12432742.928586 9927567.247300 13332368.782147 13886677.765531 8710227.725439
0.275418 11902096.414643 11103550.402266 12717516.099541 10235019.611878 13627943.457434 14222366.042353 8961146.735807
0.284722 12469997.777683 11649950.717622 13272149.418006 10766169.629540 14200286.197792 14876553.546695 9568781.469444
0.293476 13011333.702990 12146846.275926 13802917.236119 11206563.464745 14797574.659531 15487678.788861 10156606.634276
0.304129 13652967.832320 12736356.833236 14483686.405806 11840061.814354 15484673.752225 16225861.179526 10871034.596522
0.314617 14292457.834734 13316252.192612 15158205.624904 12473988.705098 16172040.880908 16946933.114210 11318412.991696
0.323396 14812393.148887 13810109.050922 15738824.897975 12939517.357891 16771933.476085 17570010.311271 11512997.560199
0.335350 15537455.648676 14449230.165614 16528752.547187 13574711.205249 17550035.057961 18412138.740907 11864687.659378
0.346885 16248474.402575 15098723.005892 17309450.484231 14144988.517390 18393477.598405 19170138.428592 12089092.129842
0.358801 16990062.437269 15762850.163502 18129523.194631 14746716.675038 19266911.794911 19978875.841542 12315196.161837
0.382661 18471745.860313 16976710.028916 19772010.523308 15883972.188741 21094661.620043 21724120.775694 12751774.100268
0.403172 19778770.867135 17994812.216721 21259843.501374 16721821.981556 22577889.689222 23605483.546572 13110269.544953
0.431523 21506784.618906 19398647.124630 23251259.887727 17811565.999533 24552560.743677 26196700.764134 13611516.935692
0.457640 23023316.905029 20596540.239297 24979085.182942 18779211.044941 26445745.808274 28500078.574010 14047297.919279
0.503651 25556761.773821 22679132.094524 27969446.799486 20414189.064396 29796430.189427 32189503.216174 14761526.167701
0.561903 28709428.138815 25063500.842338 31669605.969938 22162759.843101 34017452.174958 36794923.348776 15583232.092267
0.674953 34270347.855658 29289166.351257 38466166.002700 25376118.731172 42213163.640830 46729169.683644 16973390.876739
0.781880 39288688.033349 33004221.110348 44567679.852125 28140527.681333 49641661.226709 56189473.390116 18101278.462438
0.908437 44560195.482177 36985899.532314 51651643.486528 30675506.491882 58002178.070296 67890876.956859 19263668.434073
1.147991 53715908.331947 43750152.977062 63794066.409881 35188567.435637 73910865.245233 90422765.519078 21101032.397252
1.640196 69944250.449945 54289189.198697 86727206.285733 42099186.381887 107592751.342893 135997756.924397 23959354.317172
