0.020056 -284.075649 -330.922917 -236.991116 -353.040492 -217.241875 -214.023666 -356.417912
0.032112 -755.238889 -879.786271 -630.060717 -938.587695 -577.555708 -568.999828 -947.566851
0.037713 -859.877720 -1001.681221 -717.356032 -1068.629620 -657.576421 -647.835118 -1078.852844
0.047480 -389.507895 -453.742125 -324.948340 -484.068449 -297.869338 -293.456717 -488.699370
0.054559 850.173858 709.279926 990.375651 651.521289 1059.335266 1066.502713 640.419047
0.058696 2063.931307 1721.889035 2404.293303 1581.670824 2571.703659 2589.103767 1554.718378
0.064934 4722.225835 3939.641237 5500.966003 3618.825299 5883.996923 5923.807958 3557.158742
0.070490 8039.860043 6707.464927 9365.709796 6161.257411 10017.841885 10085.622453 6056.266565
0.075801 12127.172217 10117.412726 14127.058808 9293.523681 15110.722467 15212.961389 9135.157482
0.080865 16901.673601 14100.666216 19688.921097 12952.409766 21059.855870 21202.346539 12731.694355
0.084389 20740.093091 17302.968740 24160.332642 15893.939892 25842.610711 26017.461427 15623.099366
0.088396 25619.415216 21373.671693 29844.301615 19633.154188 31922.353056 32138.339219 19298.595617
0.094218 33665.744505 28086.533760 39217.547498 25799.369234 41948.255764 42232.077034 25359.735337
0.099135 41316.635941 34469.491385 48130.144047 31662.544875 51481.434236 51829.756848 31122.999591
0.101766 45714.082644 38138.177080 53252.771735 35032.479294 56960.749241 57346.144816 34435.508677
0.104817 51069.333914 42605.936454 59491.155117 39136.416602 63633.509735 64064.053108 38469.512881
0.108263 57430.461088 47912.874285 66901.292951 44011.195732 71559.613660 72043.784933 43261.223385
0.110941 62590.176259 52217.502519 72911.894462 47965.286122 77988.731888 78516.402478 47147.934137
0.113955 68610.518038 57240.131162 79925.048134 52578.908151 85490.209738 86068.635216 51682.937786
0.118798 78714.413091 65669.571641 91695.172038 60321.915858 98079.884499 98743.491527 59294.000846
0.122855 87550.982888 73041.712659 101988.976641 67093.722937 109090.444205 109828.548515 65950.413014
0.127886 98915.436365 82522.807193 115227.537099 75802.745586 123250.802399 124084.715480 74511.029648
0.130119 104087.657843 86837.869144 121252.707327 79766.420046 129695.503760 130573.021594 78407.161152
0.133188 111306.356526 92860.258586 129661.838408 85298.389573 138690.160587 139628.536134 83844.863208
0.136893 120171.421152 100256.172163 139988.836909 92092.033347 149736.225474 150749.338531 90522.739962
0.140223 128259.857238 107004.162934 149411.133402 98290.516469 159814.594174 160895.897322 96615.597894
0.143392 136047.143849 113500.911825 158482.617994 104258.217037 169517.724025 170664.678404 102481.605919
0.146604 144007.872430 120142.359247 167756.146794 110358.832932 179436.966373 180651.034198 108478.264329
0.149579 151432.421590 126336.484869 176405.075062 116048.553685 188688.117407 189964.778380 114071.029451
0.153299 160763.112098 134120.859099 187274.485604 123199.024680 200314.362353 201669.686325 121099.652916
0.155801 167058.246699 139372.740888 194607.748059 128023.231135 208158.238084 209566.633602 125841.652529
0.159029 175196.597919 146162.374673 204088.191168 134259.966165 218298.802134 219775.808557 131972.110537
0.161614 181712.025958 151598.042064 211678.075556 139252.992049 226417.168320 227949.103487 136880.052812
0.164631 189313.891637 157940.098661 220533.561531 145078.597345 235889.259624 237485.282818 142606.386939
0.168994 200274.483404 167084.260930 233301.659625 153478.125060 249546.397273 251234.824456 150862.782585
0.173269 210960.475287 175999.331017 245749.873689 161667.216205 262861.377446 264639.893585 158912.327603
0.176257 218384.098866 182192.684449 254397.723740 167356.227650 272111.375187 273952.476672 164504.395504
0.180339 228454.325435 190594.036110 266128.626906 175073.433888 284659.098278 286585.097470 172090.096766
0.183358 235837.581106 196753.711551 274729.451994 180731.509834 293858.796719 295847.040932 177651.756325
0.186103 242503.154831 202314.641933 282494.242525 185839.598196 302164.247722 304208.686491 182672.800357
0.190306 252603.920241 210741.471426 294260.720678 193580.207536 314750.022878 316879.616814 190281.505920
0.194328 262144.848145 218701.241739 305375.038771 200891.791624 326638.228229 328848.257584 197468.497032
0.197438 269429.812736 224778.915259 313861.363641 206474.543293 335715.453829 337986.899556 202956.115876
0.201774 279449.760408 233138.320425 325533.696439 214153.218857 348200.528312 350556.447866 210503.943045
0.205634 288225.868517 240460.019687 335757.068644 220878.691793 359135.751430 361565.658539 217114.810626
0.210547 299194.732737 249611.083469 348534.803397 229284.559011 372803.196736 375325.577576 225377.437746
0.213500 305674.932238 255017.360524 356083.649723 234250.587895 380877.667391 383454.679978 230258.843065
0.217114 313489.873938 261537.181401 365187.349992 240239.481633 390615.256089 393258.153055 236145.683118
0.220717 321149.256895 267927.223302 374109.838395 246109.164657 400159.015183 402866.485080 241915.343867
0.225649 331418.695425 276494.772786 386072.805478 253979.034769 412954.960745 415749.007818 249651.107534
0.229631 339528.957600 283260.972546 395520.527391 260194.244072 423060.525231 425922.946402 255760.406625
0.233644 347537.964792 289942.697670 404850.296406 266331.857744 433039.923787 435969.865419 261793.432351
0.239625 359162.968988 299641.163502 418392.374888 275240.550541 447524.933890 450552.880883 270550.316657
0.243353 366223.749001 305531.805135 426617.545000 280651.500849 456322.820590 459410.293953 275869.061720
0.250794 379891.269895 316934.294302 442538.970702 291125.453624 473352.851280 476555.549575 286164.533205
0.254721 386877.085346 322762.394776 450676.813881 296478.955674 482057.330495 485318.923165 291426.808957
0.258425 393325.586905 328142.226988 458188.734972 301420.693193 490092.304818 493408.262005 296284.336846
0.263963 402715.040349 335975.625744 469126.599018 308616.196511 501791.769670 505186.885260 303357.225261
0.270671 413692.415115 345133.789673 481914.247787 317028.585691 515469.819303 518957.480373 311626.263206
0.275418 421202.934727 351399.638408 490663.323857 322784.188945 524828.091406 528379.070404 317283.788159
0.284722 435323.995614 363180.505255 507113.082631 333605.707053 542423.242871 546093.270400 327920.902295
0.293476 447912.263664 373682.599321 521777.276381 343252.586402 558108.500855 561884.654604 337403.394092
0.304129 462364.797390 385740.006111 538613.171033 354328.125037 576116.674744 580014.671528 348290.200120
0.314617 475711.561608 396874.895576 554160.944218 364556.269497 592747.035584 596757.553140 358344.051986
0.323396 486252.197684 405668.698753 566439.831914 372633.968834 605880.899234 609980.280315 366284.103367
0.335350 499734.600417 416916.748219 582145.611701 382966.058362 622680.268636 626893.313998 376440.129025
0.346885 511858.489259 427031.421702 596268.845673 392257.065865 637786.899946 642102.156548 385572.813206
0.358801 523534.452532 436772.401487 609870.286871 401204.810585 652335.406176 656749.097754 394368.083971
0.382661 544584.433312 454333.902190 634391.610644 417336.229464 678564.143741 683155.298564 410224.615566
0.403172 560488.575646 467602.351683 652918.498036 429524.192228 698381.053783 703106.289523 422204.889471
0.431523 579639.783855 483579.751375 675227.923495 444200.507845 722243.879095 727130.570352 436631.113476
0.457640 594823.767320 496247.389370 692915.890939 455836.584861 741163.455397 746178.156224 448068.906037
0.503651 616968.052215 514721.842093 718711.980033 472806.611540 768755.719882 773957.109557 464749.755143
0.561903 638595.347391 532764.982533 743905.822863 489380.448892 795703.803843 801087.523850 481041.166184
0.674953 667199.714760 556628.929152 777227.323766 511301.087995 831345.472725 836970.343730 502588.266853
0.781880 684448.027066 571018.787835 797320.047604 524519.140481 852837.248023 858607.532056 515581.077246
0.908437 697928.267372 582265.033240 813023.308360 534849.572858 869633.922994 875517.853079 525735.473992
1.147991 712728.768933 594612.741359 830264.554068 546191.772777 888075.672435 894084.379120 536884.397265
1.640196 725715.913248 605447.608450 845393.402590 556144.326519 904257.938990 910376.134648 546667.354614
