0.020463 17713.133881 8302.061689 51533.245342 4924.927754 145404.823098 355310.489251 2803.113616
0.027854 39383.728341 19976.198719 99519.902094 11907.949072 249108.188325 536325.932097 6961.506814
0.036139 77487.025464 41872.435831 174791.888633 24990.042971 389236.100475 759338.992140 15007.819505
0.043897 128557.610975 71970.857432 265160.585094 44329.156278 536993.943798 984494.356581 26636.251222
0.049461 174868.641878 100100.144160 342609.313229 62751.444205 666496.939689 1154566.932037 37876.276065
0.054809 228204.747785 133195.624782 421972.410562 83939.196729 796719.033692 1324215.567987 51275.039196
0.058661 272321.126250 160460.119617 492105.517059 102565.550943 907242.091393 1449929.039606 62650.520040
0.063969 338855.879655 203383.755379 595653.680102 130564.843201 1048328.327557 1655443.484386 80873.508362
0.067388 385074.410990 235447.699285 665777.630630 150388.266691 1153378.883537 1808275.774443 94245.694248
0.070777 432592.992771 266866.530788 738271.259461 171633.476247 1255740.490269 1958581.282896 108833.874406
0.073844 477522.727524 298599.001472 808357.003906 193717.447767 1336587.204454 2093642.821434 123230.280019
0.078110 545920.730486 346173.575566 903172.152474 227245.779689 1454080.819113 2280067.588083 145227.004100
0.082075 614058.660201 392652.927663 998972.919997 260551.358909 1580993.879890 2451922.500911 167822.661663
0.085891 681906.849352 441536.094866 1096492.935016 293882.741888 1703228.134047 2616103.658416 191616.333025
0.088243 725461.154396 472674.669170 1153932.103694 315618.244648 1775813.860627 2716730.296348 207318.693691
0.091038 779502.230580 513567.369229 1226484.651337 342652.493435 1876724.188917 2835769.900790 227039.237212
0.094217 844313.722622 557399.573437 1322219.942798 375019.519025 1994280.655385 2970476.128900 250908.723082
0.097051 905676.167680 604319.202397 1402738.939356 405352.514475 2091580.227094 3089968.262519 273516.768168
0.100845 992992.644884 666322.592673 1517743.603981 447075.433885 2211017.678311 3249093.339620 305805.314656
0.103137 1048903.450177 704458.669376 1591522.260360 473686.582932 2283592.925078 3344770.356926 326463.611589
0.105638 1106525.293565 748116.607130 1662870.271293 506016.134147 2363140.286954 3448795.611033 350021.315928
0.108876 1187389.648216 805866.630050 1754301.059725 548742.861223 2466666.714892 3582908.979739 382132.115798
0.110970 1241679.860332 844565.322064 1818054.589223 577871.015872 2533933.662957 3669308.709283 403887.395735
0.113049 1296138.294483 884605.931528 1876623.231997 607731.855868 2600960.530388 3754839.117241 426271.292623
0.114662 1337430.015675 915658.297266 1922554.780072 631553.542737 2653127.242662 3821029.709383 444184.785279
0.117871 1417411.558709 981438.015098 2022134.994000 680669.575901 2761069.410736 3952285.537189 481269.872837
0.121423 1514782.863762 1055104.342516 2141188.893687 737751.851353 2906457.137381 4096925.009263 524612.826522
0.124491 1605150.814799 1121940.384241 2259184.612874 789084.009851 3016670.791297 4221320.289670 564011.000537
0.128337 1712506.296415 1211704.522351 2395528.531135 858184.033390 3163929.291514 4376576.052484 616004.905012
0.130484 1777936.790380 1262807.735409 2478040.995504 895124.961405 3254595.863433 4462924.317323 646316.564679
0.133529 1865114.379445 1340131.043661 2595252.992388 950147.902183 3380896.295948 4585003.262460 690918.733802
0.136915 1966279.291235 1420420.649537 2713869.819863 1014321.504953 3530933.565230 4720236.035691 742777.961788
0.139606 2046065.240591 1488139.188645 2820649.396961 1066830.437370 3638577.811135 4827332.775674 785724.546036
0.142699 2138115.518705 1565383.994015 2925328.973609 1126915.599529 3757267.910269 4950024.701895 837017.429411
0.144931 2205915.701576 1626456.757996 3010251.253766 1171287.246214 3849354.230792 5038300.463684 875335.428190
0.147095 2272868.878830 1683613.318276 3090436.350420 1215149.409993 3940949.524763 5123681.029554 913544.954999
0.149448 2351082.909881 1743961.811652 3184094.565796 1264856.605862 4041268.708270 5216292.729710 956290.384281
0.151889 2432621.681091 1811013.301458 3278845.648772 1320729.179842 4146130.443877 5312123.813901 1001972.018093
0.154959 2538293.165604 1896296.315561 3402680.221261 1385472.535859 4279145.837663 5432302.739963 1061387.671865
0.157361 2624069.031134 1960549.745052 3497377.063698 1443137.356710 4386124.831340 5526068.462747 1109422.409741
0.159597 2699716.794351 2021551.553671 3590654.552349 1499511.284418 4489448.512286 5613150.135461 1155375.629959
0.161673 2772181.104145 2079300.016143 3674528.082339 1548822.358835 4585565.886047 5693827.342535 1199122.286830
0.163786 2843852.655022 2143773.036556 3761979.458412 1599871.951546 4671664.450581 5775773.787673 1244730.418891
0.165447 2901995.716624 2195867.834983 3827966.596094 1641560.513880 4739775.119323 5840072.960511 1281356.347989
0.168744 3012945.181946 2299432.625822 3961527.125768 1723080.806221 4875016.738358 5967401.408102 1356100.079705
0.170500 3072726.634210 2353351.329397 4030057.839155 1767876.380473 4945812.245359 6035055.757867 1397030.773188
0.172404 3138099.545469 2409617.514712 4106897.114511 1816494.514910 5021264.241885 6108287.368765 1442302.567114
0.174513 3213689.121268 2474857.376865 4201640.807662 1869117.918915 5102219.503924 6189254.055107 1493541.649029
0.176194 3277140.477647 2532011.531941 4274365.914100 1911662.366339 5162224.848902 6253678.162454 1535212.746383
0.178401 3365132.396823 2608017.526828 4367028.806466 1968330.887234 5240866.436304 6338113.323149 1591052.549225
0.180539 3443928.132969 2676944.847743 4456019.931886 2024109.354016 5323998.817769 6419750.735448 1646381.175479
0.184524 3603417.114413 2808878.100452 4616687.106709 2136811.301399 5490231.305471 6571506.477070 1752793.565324
0.186298 3671727.200822 2872969.865689 4689992.067759 2192182.210529 5569109.379668 6638895.679713 1801557.933931
0.188883 3771306.912744 2961239.607932 4806595.163229 2273744.230255 5684076.375738 6736910.578663 1874171.371452
0.192108 3900033.288074 3078242.610127 4946764.555005 2365870.590896 5827827.007990 6858894.450662 1967379.905475
0.194430 3995787.589402 3162398.494078 5044199.403735 2432022.269116 5931387.453996 6946521.496973 2036311.180744
0.197090 4110257.012140 3252951.954898 5154417.534121 2509049.143129 6050134.644332 7046700.118625 2117172.879008
0.200019 4227579.849762 3358732.681667 5282607.037828 2595410.271732 6181027.183358 7156761.750200 2208581.726376
0.201669 4300175.724433 3425815.929112 5351773.799462 2644775.575363 6254825.550537 7218650.229165 2261180.409080
0.204226 4413834.890061 3516144.539759 5461401.342423 2722298.582593 6369278.511653 7314400.229288 2344281.902019
0.206826 4526032.250750 3616013.782948 5580388.618895 2808326.709769 6485764.558954 7411565.534687 2424756.194137
0.209950 4664310.681057 3744962.274962 5730399.409324 2921473.961678 6619101.351817 7528057.492143 2514546.195893
0.211811 4741244.529096 3816718.832468 5799408.924909 2990139.167809 6692774.429210 7597322.086754 2568938.569254
0.213071 4794598.400093 3866472.020914 5850463.865819 3036359.034300 6753389.242081 7644163.195685 2606149.759904
0.215125 4885284.188573 3946146.727635 5941897.291399 3105108.849779 6840734.872917 7720427.574790 2667477.753402
0.217089 4976971.486311 4023082.942826 6041642.908292 3171645.534483 6925199.617562 7790358.914924 2726895.385915
0.218731 5058580.711109 4083196.880896 6118794.292262 3227874.711015 7001218.057920 7824969.384641 2777156.400427
0.222274 5227889.556647 4230162.753216 6264516.620006 3353755.172605 7164105.410348 7935314.592133 2887429.355404
0.224584 5331103.866587 4323336.682546 6376926.580280 3440253.719107 7263898.409367 8064953.662325 2960674.160140
0.226380 5415746.707107 4396145.996886 6475064.538092 3510061.480916 7347427.254975 8136305.129035 3018359.859243
0.228178 5493676.697095 4473909.118202 6551410.665258 3585125.761883 7434549.301229 8202434.292494 3076759.381746
0.230242 5595184.342611 4557818.301831 6646988.931039 3666757.690637 7539579.358170 8278244.899759 3144602.671220
0.233845 5754541.026253 4708852.257231 6841802.039400 3805363.658219 7729350.360961 8410325.262763 3265101.242630
0.236378 5871875.015159 4821290.754212 6951954.704600 3904499.410944 7848301.498889 8502987.640641 3351397.051932
0.238131 5955104.192129 4900995.020196 7031401.959470 3973928.675666 7941257.152272 8567023.696296 3411887.734761
0.239719 6025508.378183 4966272.975160 7110016.320368 4039363.749441 8026077.013352 8624967.836930 3467229.204946
0.241920 6122341.964324 5064486.843830 7211919.991448 4131227.373037 8129660.494325 8705179.004142 3544792.089607
0.243881 6216407.888242 5160064.256967 7314618.655314 4213942.013228 8222042.171369 8776535.500108 3613833.844137
0.246043 6319415.088784 5256765.021938 7432959.141135 4313843.753079 8317716.713059 8855816.180228 3686455.888143
0.247695 6395604.622060 5332603.568710 7515155.385926 4390949.070588 8387395.222632 8936762.083854 3742388.123315
0.250051 6514233.819299 5444217.816812 7634425.409430 4501553.847835 8485502.248972 9052127.352123 3822817.227919
0.251763 6600079.297942 5529598.886115 7725055.784653 4582397.157195 8565281.060466 9135902.739828 3881749.307113
0.255492 6789263.553612 5710740.772539 7904730.762445 4759856.734198 8748709.480987 9318218.845658 4011534.004289
0.258606 6947377.250442 5860711.619723 8063912.942392 4885777.244160 8898806.203509 9470301.121841 4121407.479806
0.261318 7087709.814153 5985264.336485 8196924.976274 4994121.030677 9019871.645488 9617970.905797 4218204.461448
0.264103 7230618.743720 6113485.129701 8344020.878176 5106584.728049 9145117.282568 9774765.814120 4318680.360355
0.266624 7356941.631906 6239056.762590 8481613.024203 5217421.356352 9260134.527736 9916506.013517 4410569.878223
0.269157 7486816.008000 6363758.355362 8596419.070970 5334201.243059 9380937.653815 10058739.600296 4503794.764646
0.272302 7626683.580287 6513737.754469 8737209.424659 5480591.222110 9547638.945129 10235088.362335 4620796.645827
0.274535 7745032.991595 6626408.988555 8855568.325722 5585467.613289 9663478.433303 10360132.518693 4704712.567382
0.277562 7895017.131251 6769757.463712 9004689.085170 5728876.848715 9801350.918913 10529421.412500 4819584.487681
0.279772 8006578.553303 6871997.834086 9120347.610785 5827886.940644 9922181.528882 10652861.746937 4904721.444243
0.283957 8219721.302990 7084379.955004 9332809.951619 6008098.999097 10125395.476189 10886258.477696 5090652.913818
0.287968 8425732.688479 7271937.809294 9553789.063920 6182972.065032 10324434.848888 11109517.681164 5272138.827840
0.293196 8685747.234337 7526090.503089 9828724.439863 6449226.257892 10600628.290560 11399891.358681 5513536.972143
0.296127 8834202.598890 7673007.862854 9977933.159358 6603944.715588 10755429.201164 11567994.635180 5651281.682423
0.299469 9002223.679875 7857566.859480 10134432.475363 6758068.941032 10928591.695545 11769726.402036 5810460.368187
0.302515 9156089.972837 8010567.422651 10299647.125125 6895177.476273 11089650.639958 11953411.415026 5957512.542631
0.307446 9423575.928032 8262846.388604 10554734.008288 7147149.554143 11347893.676492 12250411.068890 6199566.653750
0.312023 9667725.762433 8506060.759766 10794087.534311 7401843.057634 11591928.615924 12525698.928347 6428684.561939
0.317053 9933488.593267 8777406.448211 11062584.669330 7679747.033135 11896513.738641 12827807.182656 6685430.906607
0.320864 10141635.746041 8985461.106390 11264895.636922 7896311.174940 12126378.006511 13056408.488054 6883421.583299
0.325711 10381927.136504 9253142.500727 11543027.548764 8176068.086474 12413279.242806 13346795.482195 7139568.067742
0.330112 10618377.471073 9487844.927550 11768872.418954 8389533.179491 12675261.737497 13610119.833329 7376362.598738
0.335128 10885068.364768 9773180.299296 12014273.652176 8623047.158970 12961107.987758 13909850.145944 7651160.648944
0.340817 11189079.075121 10081097.943910 12348390.873660 8909129.122551 13282582.501948 14249299.305290 7969189.135919
0.346689 11503467.383557 10381243.624893 12690013.972691 9248571.918645 13615082.406686 14599124.339963 8304568.757272
0.352921 11848359.916387 10731912.758692 13047097.375028 9554672.396203 13968716.233912 14920964.302213 8668458.660041
0.359473 12218493.724056 11086534.638650 13430646.563278 9916441.342971 14329820.889000 15238037.486312 9059901.792785
0.365055 12535472.863224 11390126.805225 13780315.466903 10242634.213290 14663267.095083 15506049.854794 9400597.183312
0.371049 12878482.816419 11695263.331462 14112131.298074 10559079.652123 15044250.985854 15791725.305931 9773851.598062
0.376814 13201937.417608 12002534.317101 14438491.390988 10861441.979130 15423986.380537 16110164.253336 10107628.075911
0.382771 13537167.201403 12331370.055193 14790731.345057 11211744.162741 15829731.156429 16525472.684296 10416499.819458
0.390212 13955225.904396 12759490.507934 15248649.206719 11634447.471502 16294476.427361 17076950.119496 10744992.059562
0.394169 14178139.373055 12975926.276604 15490628.461937 11856727.034752 16535960.721274 17376658.924841 10842635.210757
0.400298 14520032.218466 13331321.200730 15843304.370594 12200499.448051 16943823.521288 17768995.616393 10930394.367344
0.408433 14989952.823345 13820719.633254 16341420.512139 12707892.119458 17496189.196998 18334426.011773 11045539.140102
0.416954 15511195.390491 14311430.210333 16878770.914594 13133384.946957 18096155.677761 18980127.798387 11507432.356203
0.426183 16053103.265012 14818706.116876 17493098.182988 13591104.992487 18737085.558337 19777867.463578 11969784.926041
0.434715 16571660.550925 15335757.360292 18020116.365300 13979384.687560 19340788.192559 20514370.695862 12259986.317417
0.443495 17099624.820639 15843204.809537 18616577.055969 14365170.958156 20008115.500983 21224449.621695 12558504.693259
0.452026 17620490.895043 16333522.176210 19192823.409783 14810937.411695 20637476.773796 22065107.813165 12848444.443084
0.461777 18208794.467499 16876627.446118 19865341.431153 15289878.383892 21445494.667230 22948286.165783 13179714.609974
0.473296 18962863.739507 17567710.385519 20696555.652201 15732362.606958 22345194.163603 24005626.300738 13570869.818829
0.482564 19521408.259615 18108158.990739 21352708.936254 16106389.330533 23134014.986021 24867275.466227 13885449.185660
0.492304 20154640.209145 18648189.072916 22034791.395551 16661684.187596 23911921.948541 25778041.278012 14215221.226665
0.502057 20789653.502250 19210180.046528 22762656.703943 17116630.779436 24712254.166636 26686300.924307 14543384.833846
0.514123 21603561.740287 19820175.126892 23614585.361996 17688793.466473 25758471.294611 27804693.350768 14946582.911798
0.527992 22504045.776078 20551533.078553 24682963.591302 18223914.315993 27027920.654600 29116119.244051 15406331.037703
0.543827 23612459.997055 21404709.804886 25855699.183637 18777893.111977 28418507.546399 30720474.064336 15926580.558653
0.560079 24704927.679902 22281233.641465 27098139.403767 19349915.314271 29793386.565213 32368375.767470 16455543.873347
0.578830 25934115.860982 23279303.983534 28560782.454754 20019505.710952 31509764.934856 34518362.272254 17059816.061123
0.598582 27237070.921593 24337957.502234 30067361.402113 20670986.216128 33363224.931675 36840022.758879 17689650.841368
0.618431 28548375.011777 25366165.621730 31565781.690732 21301674.730480 35020807.730702 39192237.123207 18315953.013131
0.637950 29868884.059979 26373555.862301 33083579.213420 21915392.082495 36746224.304832 41523616.689618 18925636.250132
0.657756 31191539.287425 27459307.442420 34578950.281654 22599944.716114 38621331.802232 43907363.541416 19538248.487797
0.687233 33165607.413901 28992036.501909 36995508.330880 23535831.663301 41506893.117120 47487914.154100 20276330.711587
0.714201 34920686.025101 30432410.393697 39201183.863668 24255936.734167 44014459.768975 50608284.562156 20923359.501315
0.739579 36625573.711666 31642417.284929 41326787.283966 25016344.195831 46579764.776792 53351829.503146 21523541.430239
0.770459 38784904.750515 33028562.274655 43889125.317920 25932937.870408 49782118.645487 56684659.526469 22243056.115751
0.801529 40885802.232738 34516148.198618 46511577.384946 26855621.488612 52940951.213288 60143050.004011 22955668.853617
0.838925 43544733.723817 36306854.469775 49838576.171598 27914047.866882 56403116.988908 64711054.665238 23792418.220109
0.887394 46937319.797380 38653953.249391 53822454.652317 29274255.390967 61712820.907017 70711663.413857 24807556.167510
0.949909 51282720.747339 41587384.098012 59392181.053101 31020218.711585 68696884.541660 78579127.321569 26070380.508099
1.027891 56867823.393586 45132406.792598 66430717.263534 33131216.353756 77162691.254466 88585228.783302 27579697.477458
1.116502 63187619.958196 49096672.825379 74648304.904374 35517179.198935 86795711.614538 100199799.749141 29216028.990979
1.226988 71083508.581117 53599062.887669 85304092.902031 38432428.351795 99205889.672782 115023872.396719 31153856.996767
1.375724 81913891.225734 59216842.913019 100057305.127869 41599580.789318 116766170.676918 135538226.226331 33608638.067276
