0.038974 204.180650 173.919976 243.556398 160.348352 258.968941 261.102248 157.011355
0.068805 1269.408375 1081.275208 1514.210732 996.899272 1610.031819 1623.294770 976.152881
0.087586 2831.892967 2412.191156 3378.016724 2223.958887 3591.781708 3621.369711 2177.676256
0.108298 5766.713253 4912.055247 6878.810053 4528.749263 7314.109475 7374.360878 4434.501825
0.125691 9459.996275 8057.973807 11284.333836 7429.180069 11998.420132 12097.259458 7274.571998
0.138059 12858.644734 10952.924234 15338.403487 10098.226722 16309.036215 16443.385081 9888.073334
0.148804 16359.848519 13935.230735 19514.806013 12847.812728 20749.726545 20920.656464 12580.437926
0.165242 22714.757365 19348.307816 27095.243767 17838.487224 28809.863570 29047.190439 17467.251894
0.182080 30443.175361 25931.332584 36314.068612 23907.814027 38612.066803 38930.141234 23410.270422
0.189603 34272.101655 29192.791351 40881.394145 26914.769006 43468.418221 43826.497793 26354.647902
0.200731 40330.815038 34353.570735 48108.515853 31672.833535 51152.880934 51574.262766 31013.692731
0.210991 46300.019489 39438.106892 55228.867046 36360.604380 58723.816563 59207.565455 35603.906752
0.220505 52130.998913 44404.903718 62184.336847 40939.823532 66119.436908 66664.108663 40087.828141
0.230683 58646.969358 49955.172200 69956.896542 46056.983872 74383.853583 74996.605083 45098.495667
0.242374 66435.284281 56589.216847 79247.169292 52173.349283 84262.026031 84956.150903 51087.573886
0.253144 73847.333518 62902.760412 88088.614423 57994.223505 93662.968505 94434.535474 56787.310361
0.268178 84484.519388 71963.457967 100777.156040 66347.881050 107154.456385 108037.162117 64967.120608
0.278881 92204.297512 78539.123338 109985.674834 72410.422737 116945.701388 117909.064409 70903.495225
0.295393 104252.019327 88801.307803 124356.770865 81871.810690 132226.217761 133315.457016 80167.982990
0.307370 113029.593404 96277.998062 134827.079021 88765.066934 143359.099683 144540.048224 86917.784230
0.320279 122468.465598 104317.978491 146086.215048 96177.657715 155330.727458 156610.294617 94176.112177
0.335524 133523.400299 113734.512247 159273.067355 104859.384236 169352.059731 170747.130350 102677.163982
0.343646 139349.366738 118697.039039 166222.557429 109434.666561 176741.321944 178197.263051 107157.230473
0.357257 148984.645094 126904.317176 177715.976074 117001.500187 188962.058024 190518.669828 114566.591331
0.368060 156498.344124 133304.445487 186678.673916 122902.202625 198491.926228 200127.042180 120344.494722
0.379286 164163.228662 139833.352798 195821.713028 128921.634958 208213.547916 209928.747622 126238.657130
0.394002 173970.183494 148186.864032 207519.915545 136623.290567 220652.026839 222469.690941 133780.034201
0.412795 186064.038345 158488.344369 221946.041258 146120.907988 235991.055239 237935.077578 143079.997466
0.427694 195289.756460 166346.761302 232950.916953 153366.103350 247692.332781 249732.746676 150174.413647
0.445860 206090.675949 175546.926271 245834.767824 161848.345147 261391.489321 263544.752690 158480.132189
0.465836 217392.980612 185174.168426 259316.694796 170724.337705 275726.568941 277997.920324 167171.407176
0.481440 225803.894221 192338.539276 269349.632893 177329.645987 286394.403498 288753.633248 173639.252916
0.498955 234814.471830 200013.700687 280097.878753 184405.885939 297822.811357 300276.184846 180568.229805
0.524717 247263.773640 210617.948826 294947.998517 194182.645062 313612.664665 316196.110149 190141.525576
0.552711 259754.798449 221257.736391 309847.887460 203992.170336 329455.436604 332169.390013 199746.905605
0.587790 273984.955236 233378.907195 326822.295805 215167.480992 347504.006044 350366.638063 210689.647766
0.630111 289241.482297 246374.334663 345021.007468 227148.826806 366854.354196 369876.388481 222421.650751
0.673351 302918.468048 258024.317362 361335.567072 237889.717922 384201.318867 387366.252157 232939.014041
0.727544 317715.108639 270628.016015 378985.704263 249509.902981 402968.378091 406287.908691 244317.372359
0.803841 334905.364620 285270.583348 399491.059823 263009.856195 424771.337356 428270.474085 257536.379126
0.883015 349192.868172 297440.601818 416533.874120 274230.202751 442892.641559 446541.056065 268523.219949
1.025889 368391.505322 313793.897398 439434.922333 289307.389710 467242.895807 471091.900281 283286.636776
1.235893 386774.809259 329452.696546 461363.402282 303744.274382 490559.036494 494600.112225 297423.076597
1.735608 408415.365447 347886.005594 487177.287756 320739.163602 518006.455868 522273.635068 314064.286537
