0.033308 342.432863 284.398331 398.678041 262.032802 427.740235 432.911258 259.836664
0.044104 785.048019 652.000349 913.993487 600.726023 980.620321 992.475203 595.691244
0.052997 1344.664555 1116.774692 1565.527988 1028.949785 1679.649341 1699.954901 1020.325996
0.062901 2210.227999 1835.644945 2573.261696 1691.286958 2760.843207 2794.219500 1677.112017
0.074972 3652.488995 3033.475716 4252.416506 2794.918445 4562.402356 4617.557998 2771.493795
0.083251 4907.611714 4075.883863 5713.695260 3755.349988 6130.203069 6204.312114 3723.875810
0.093785 6832.905788 5674.884661 7955.222149 5228.602864 8535.129197 8638.311795 5184.781123
0.104824 9253.967904 7685.632167 10773.947823 7081.222044 11559.329822 11699.072485 7021.873210
0.109590 10427.283703 8660.097796 12139.982733 7979.054173 13024.943757 13182.404471 7912.180467
0.116740 12330.621069 10240.863045 14355.946488 9435.505573 15402.443290 15588.645992 9356.425119
0.124875 14701.601736 12210.016761 17116.364751 11249.801964 18364.086104 18586.092598 11155.515607
0.130329 16410.315753 13629.142864 19105.737942 12557.325773 20498.477437 20746.286943 12452.080854
0.137431 18773.426767 15591.760653 21856.993947 14365.600232 23450.290097 23733.784558 14245.199881
0.145548 21657.825224 17987.319595 25215.159741 16572.768676 27053.254085 27380.305378 16433.869699
0.151625 23938.399766 19881.388954 27870.322518 18317.885461 29901.968667 30263.458545 18164.360387
0.159361 26982.937250 22409.947025 31414.930448 20647.593773 33704.965750 34112.430692 20474.543048
0.165035 29309.503944 24342.213919 34123.639666 22427.904180 36611.130116 37053.728163 22239.932393
0.173639 32977.857256 27388.865313 38394.526230 25234.962148 41193.348931 41691.342184 25023.463968
0.181777 36587.767919 30386.978749 42597.370840 27997.299258 45702.565778 46255.071705 27762.649497
0.188058 39457.894524 32770.684592 45938.920607 30193.546749 49287.702490 49883.549731 29940.489893
0.194426 42433.956620 35242.372284 49403.805949 32470.857059 53005.165496 53645.953766 32198.713708
0.200717 45433.051842 37733.189515 52895.507645 34765.792531 56751.399673 57437.476792 34474.414965
0.206311 48143.134325 39983.975050 56050.725772 36839.572775 60136.621838 60863.623471 36530.814531
0.214419 52133.677097 43298.212166 60696.721961 39893.173105 65121.294419 65908.556589 39558.822158
0.219484 54658.058591 45394.768780 63635.737396 41824.853231 68274.553496 69099.935940 41474.312569
0.224193 57023.961000 47359.704886 66390.243287 43635.263691 71229.852947 72090.962498 43269.549694
0.230968 60453.302011 50207.851093 70382.859374 46259.427230 75513.516369 76426.411841 45871.719707
0.236732 63390.315370 52647.107916 73802.282158 48506.857085 79182.202761 80139.449593 48100.313499
0.245224 67739.147061 56258.912180 78865.416828 51834.623418 84614.421716 85637.339547 51400.189300
0.252547 71501.288499 59383.456759 83245.496376 54713.448929 89313.793290 90393.522607 54254.886923
0.259165 74904.273278 62209.713513 87207.427176 57317.444435 93564.534578 94695.651813 56837.057934
0.271150 81055.796298 67318.694189 94369.348283 62024.646888 101248.533943 102472.544326 61504.808583
0.279930 85538.435525 71041.628674 99588.268604 65454.803988 106847.894762 108139.596750 64906.216998
0.287490 89373.774863 74226.965784 104053.568931 68389.641211 111638.699403 112988.318226 67816.456890
0.293673 92489.261391 76814.448659 107680.779404 70773.640389 115530.320457 116926.985736 70180.475397
0.301496 96398.725841 80061.348373 112232.380019 73765.198836 120413.716367 121869.417831 73146.961122
0.308960 100090.223410 83127.221602 116530.212323 76589.967003 125024.845169 126536.291337 75948.054464
0.315974 103521.735565 85977.170994 120525.356169 79215.791922 129311.220614 130874.485489 78551.871932
0.325504 108119.395580 89795.632876 125878.189637 82733.963995 135054.256366 136686.949756 82040.557653
0.333134 111743.194017 92805.280427 130097.203112 85506.928159 139580.820730 141268.236510 84790.281169
0.345435 117470.649825 97562.063577 136765.403248 89889.630450 146735.108645 148509.013802 89136.251343
0.353601 121190.176611 100651.215712 141095.868616 92735.846834 151381.249343 153211.322469 91958.613141
0.362037 124960.730955 103782.747402 145485.742904 95621.109979 156091.129659 157978.141312 94819.694443
0.371794 129228.187775 107326.967974 150454.136743 98886.607507 161421.701517 163373.155341 98057.823323
0.382262 133691.954997 111034.228827 155651.085300 102302.323573 166997.488909 169016.349356 101444.911737
0.393602 138392.651938 114938.265235 161123.879685 105899.340459 172869.230297 174959.075203 105011.781459
0.406955 143745.572736 119383.988486 167356.026801 109995.445086 179555.678495 181726.356986 109073.555990
0.419713 148676.231231 123479.013229 173096.554314 113768.430684 185714.669792 187959.805354 112814.919603
0.433575 153830.816296 127760.014113 179097.788716 117712.766970 192153.372571 194476.346683 116726.197787
0.445560 158119.886866 131322.185398 184091.346401 120994.803539 197510.942629 199898.685297 119980.727093
0.463272 164179.363326 136354.719299 191146.102144 125631.571110 205079.964661 207559.210497 124578.633187
0.476386 168456.780780 139907.212405 196126.092668 128904.690607 210422.978561 212966.816982 127824.320156
0.492508 173479.963697 144079.080798 201974.341896 132748.476751 216697.544098 219317.236786 131635.890924
0.510686 178843.533160 148533.648009 208218.886739 136852.729836 223397.293773 226097.980850 135705.745619
0.526565 183280.398875 152218.566545 213384.515171 140247.860620 228939.477916 231707.165379 139072.421279
0.549985 189423.374163 157320.448134 220536.484566 144948.522269 236612.800125 239473.251659 143733.685945
0.575482 195603.089161 162452.842893 227731.228231 149677.297484 244332.014695 247285.785098 148422.828553
0.593654 199706.904461 165861.155435 232509.102152 152817.575003 249458.178420 252473.919870 151536.786912
0.628214 206879.057399 171817.792621 240859.293372 158305.772932 258417.068510 261541.115474 156978.987393
0.658414 212529.693511 176510.775255 247438.056047 162629.692079 265475.399293 268684.775593 161266.667094
0.692768 218335.589354 181332.704649 254197.580127 167072.417411 272727.668337 276024.718525 165672.157248
0.733030 224396.806671 186366.684371 261254.362666 171710.517102 280298.864911 283687.444555 170271.384297
0.781560 230782.772768 191670.375390 268689.234523 176597.117571 288275.712153 291760.725231 175117.029401
0.838537 237201.452346 197001.235702 276162.193105 181508.750699 296293.422506 299875.363019 179987.497360
0.906836 243643.101164 202351.172495 283661.893665 186437.960102 304339.824229 308019.039032 184875.394286
0.981006 249407.380422 207138.538363 290372.965565 190848.840038 311540.109104 315306.369350 189249.305944
1.065839 254778.363607 211599.262840 296626.141846 194958.766172 318249.119417 322096.486006 193324.786141
1.190543 260914.213859 216695.226923 303769.815906 199653.975677 325913.541592 329853.564656 197980.644359
1.350033 266634.240809 221445.840236 310429.366981 204030.993336 333058.549959 337084.950219 202320.977545
1.621688 273012.788764 226743.370317 317855.602254 208911.917374 341026.131040 345148.852715 207160.993792
