0.010000 878.817216 307.782990 3583.118566 151.864143 16827.997410
0.034094 23262.995839 10638.727711 68843.262569 5604.073787 212838.000451
0.058187 97269.775738 49006.062392 249113.960426 26534.157275 639920.655885
0.082281 248464.372087 131802.219802 562516.580882 73696.485435 1317624.059763
0.106374 499933.380608 273793.074401 1047697.766484 156253.603929 2259021.072448
0.130468 874782.183117 488086.789223 1697121.207846 284414.574049 3467682.942905
0.154562 1383449.728300 785165.319215 2562685.889677 468295.316269 4949106.680793
0.178655 2035789.786647 1179475.744646 3621522.794313 708795.307866 6729866.489281
0.202749 2855373.926509 1685242.527526 4941698.990853 1015680.312523 8894526.203511
0.226843 3860830.358471 2298120.621600 6545318.794514 1409358.160800 11251993.445942
0.250936 5065872.237702 3057288.230191 8408081.646209 1895656.359738 13909762.016372
0.275030 6451364.716363 3949503.449798 10556305.907565 2480754.375850 16824546.935637
0.299123 8050584.223263 5001022.418003 12948146.450439 3161748.625467 20296466.652562
0.323217 9856029.058227 6170854.880867 15644928.542889 3940533.831205 24137575.278957
0.347311 11797675.870680 7518682.734821 18496817.318789 4828329.752654 28315565.172744
0.371404 13938870.158030 8988208.916562 21629850.066168 5835458.304175 32401241.474085
0.395498 16272078.255186 10615072.549522 24908840.410277 6963004.372422 36613112.688258
0.419591 18809665.942962 12386532.609220 28437806.450400 8220103.116966 41110769.456443
0.443685 21537577.669670 14335022.431549 32142067.908196 9620088.039727 46107378.858125
0.467779 24426480.860063 16399028.605141 35994234.483504 11184600.223279 51143909.085563
0.491872 27515036.338586 18645568.911500 40210670.436093 12884316.677411 56526184.897101
0.515966 30862702.329439 21083834.824535 44540439.841963 14703937.499244 62052644.110123
0.540060 34327078.955694 23700992.504275 49254632.761269 16713439.894820 67881442.962459
0.564153 38022729.908136 26509955.244712 54046083.769054 18890361.084735 73931368.281533
0.588247 41912297.716055 29464670.719493 59032611.031511 21230845.192640 80202208.168048
0.612340 45963061.628301 32647094.575639 64191289.836929 23713852.538137 86667995.844063
0.636434 50207422.962259 36040100.100412 69676394.744300 26382627.985744 93349297.103806
0.660528 54670740.804703 39612696.555071 75299790.913233 29233110.647401 100237100.700507
0.684621 59353995.788927 43314317.825584 81181112.711205 32233522.633260 107329907.312981
0.708715 64245667.485351 47212990.786614 87129940.937347 35409546.366624 114399822.647406
0.732809 69314957.766603 51316481.757251 93258984.069191 38728920.567615 121763083.994325
0.756902 74619414.829793 55528581.406598 99672018.936514 42325429.221385 129442181.177845
0.780996 80185520.713491 60030276.859350 106287609.324475 46095442.360772 137168439.670556
0.805089 85852950.023135 64793645.852507 113063547.924890 50044978.386756 144716261.119729
0.829183 91740245.855407 69706585.202068 120012541.790812 54194904.201653 152907986.117776
0.853277 97719385.688558 74823254.190724 127014070.343756 58549120.471188 160999333.484313
0.877370 104038202.316546 80134923.289906 134360351.150689 63077922.510703 168982828.787132
0.901464 110627702.246650 85672176.830944 141975077.475905 67795689.673941 177478597.146069
0.925557 117322756.192486 91426483.754093 149767835.537239 72641292.506351 186302306.803344
0.949651 124268125.493418 97332151.926686 157579470.762385 77726809.015337 195094088.892517
0.973745 131366403.697352 103501486.399507 165771109.710532 83226123.144827 204041238.396739
0.997838 138753207.150014 110056704.834433 174030574.620846 88691388.771243 213314676.791080
1.021932 146297428.371226 116653240.807502 182506232.934069 94454421.549380 222757971.285369
1.046026 154048793.556335 123453477.953383 190995731.487160 100482946.302907 232370118.342372
1.070119 162022162.781578 130429218.780667 200030998.856374 106679456.148585 242150143.540248
1.094213 170210276.904929 137653854.001120 209307920.493256 113104312.897214 252112495.673498
1.118306 178618130.444221 144964048.066415 218748616.224228 119813086.311682 262899772.666858
1.142400 187083562.865571 152685157.358708 228140735.223420 126876557.852446 273124928.910920
1.142400 187083562.865571 152685157.358708 228140735.223420 126876557.852446 273124928.910920
1.310122 251859841.176463 212589396.995850 298432041.719056 180269499.223251 348063661.500770
1.477843 325423349.916385 281858547.624790 378211583.978591 244593047.659358 430169745.988366
1.645565 408225459.940564 361185643.757922 465697371.063315 318646320.448569 518598044.363380
1.813287 499115214.389159 449922976.656338 558794572.516819 403647166.335149 615310957.270270
1.981009 598953972.752767 548292342.693835 660735438.221459 499832860.851317 717354079.900429
2.148730 708219195.084097 657162029.365407 769395449.263588 607717060.433769 825285500.548399
2.316452 825918260.998508 774163321.828326 884603091.074121 723872925.196553 941156126.519862
2.484174 949144669.531966 898082719.629915 1006927238.916947 850911676.094436 1059497449.872374
2.651896 1079052094.227438 1027887676.166395 1133982597.150437 981119026.438717 1185818279.951242
2.819617 1213186002.645910 1163832064.403411 1266455691.211263 1116657768.096905 1317329430.370760
2.987339 1352757257.339520 1305308350.705405 1402333801.001982 1259167490.715777 1448899739.524660
3.155061 1497104544.308880 1451293795.634933 1542788582.898471 1408140244.754139 1584539860.549885
3.322783 1645111369.425889 1602470783.190712 1686457126.732992 1561933428.754263 1728024952.411129
3.490504 1797421686.298456 1758417114.883595 1836414340.602198 1720316332.400238 1874803286.033135
3.658226 1955182288.286433 1917499409.506265 1992381833.407510 1881185411.489614 2030279648.307188
3.825948 2117934151.859866 2077499392.061774 2154393157.735236 2044051334.574552 2195719356.756853
3.993670 2284610867.275314 2238879404.303084 2325862826.903010 2201079361.364542 2371929076.819622
4.161391 2455028978.233193 2402964915.745074 2504315157.648489 2355889450.062999 2556199215.522852
4.329113 2629251273.787338 2567295119.596756 2690173884.159333 2507845110.582572 2755911882.072549
4.496835 2807676506.132355 2734286168.711097 2883249972.673092 2661404741.281024 2963935661.207352
4.664557 2989119409.360614 2901641737.557382 3081993866.691529 2813736858.893860 3177602466.449571
4.832278 3171849039.916262 3066198922.115772 3283607252.114117 2964697979.464373 3396419782.985973
5.000000 3354263800.887440 3233663551.546890 3487821015.532397 3116652955.803881 3616454830.877007
