0.010000 99.245455 69.774909 182.272351 57.427822 380.762025
0.064947 23096.939751 18194.249682 33876.414345 15336.553035 54768.980902
0.119894 138755.261858 112287.045303 189600.387172 96125.297411 278289.327837
0.174842 417884.423582 343618.675944 548847.404444 295770.736529 762131.487561
0.229789 925597.600678 771024.931532 1181454.103255 664463.932156 1573579.359777
0.284736 1731088.628040 1450930.712466 2162466.216743 1253502.085732 2768364.652904
0.339683 2888946.285117 2441755.564763 3554763.605636 2121324.636984 4467246.379911
0.394630 4463169.477016 3803010.164500 5406168.587610 3307014.865192 6700340.140746
0.449578 6520693.024206 5584808.998527 7817696.576486 4854833.459929 9492976.697411
0.504525 9125864.648287 7835924.082826 10818933.928084 6828392.639279 12955996.735137
0.559472 12316976.562646 10629130.720693 14492964.122455 9267106.094148 17243254.394915
0.614419 16190764.665587 14013529.431649 18867774.352789 12245845.576248 22313988.326057
0.669366 20762900.763118 17995932.079634 24072061.330869 15794005.739078 28210709.927233
0.724314 26073386.197467 22686537.279928 30133500.673045 19947674.692965 35010075.469511
0.779261 32099434.859049 28104016.628932 36990974.212460 24744715.129008 42711732.563301
0.834208 38956903.044446 34215692.493339 44665231.442998 30102248.542618 51232317.698162
0.889155 46618971.959992 41165884.924426 53355691.739406 36252655.009067 60774077.030354
0.944102 55308177.237850 48922102.194178 63034266.137769 42978656.572158 71184401.333620
0.999050 64895624.579200 57538021.170509 73707553.888316 50640579.177961 82513511.960294
1.053997 75417768.486136 66980211.337938 85325386.326661 59017593.280517 95538574.903268
1.108944 87016830.088268 77497365.414371 98000146.118152 68244638.016620 109648816.394730
1.163891 99520779.661122 88916026.790134 111906635.538267 78212678.455039 124213110.564088
1.218838 113139945.909666 101244941.292398 127064762.138896 89374572.750618 141129460.524788
1.273786 127923213.118146 114933606.162853 143141290.108491 101216212.446944 158618280.049925
1.328733 143900328.795958 129248353.337692 160908402.084053 114195479.536455 177134942.396123
1.383680 160905532.167652 144802660.602166 179352299.205330 127627656.426357 197322029.337203
1.438627 178728241.642957 161016976.054011 198743615.257356 142455152.409479 218664751.008248
1.493574 197495566.089542 178244990.266145 218928563.892611 157627793.218241 240604002.697212
1.548522 217168290.707312 196260019.960307 239881992.980928 174047253.803968 263293141.290836
1.603469 237596488.210052 215085399.509431 262141172.784098 191127587.599721 286922379.969170
1.658416 258869341.006324 235207803.372061 285114358.343148 209498294.925581 311771479.785676
1.713363 280997765.372346 256141205.894853 309024996.943210 228610197.975140 337496463.849844
1.768310 304427708.744233 278177900.144209 334104224.893950 248389251.509265 364222997.307683
1.823258 328712316.067754 300866222.040888 359903917.309251 269430346.331384 392480311.134165
1.878205 353944558.510275 324608439.562157 386682555.488676 291967298.639582 420558489.502614
1.933152 379987177.670400 349359495.461514 414607389.133620 315422007.878911 449710417.762980
1.988099 407374035.550743 375064358.922513 443269074.145319 339379890.649255 480226867.131411
2.043046 435590021.535858 401984461.570456 472872123.722319 364913579.923077 510625753.102356
2.097994 464833461.527449 429716442.326605 503807845.354178 391577386.666023 543048839.527987
2.152941 495088559.985788 458796889.604647 535347773.806314 419236074.136348 576547141.149306
2.207888 526292377.021966 488726785.008848 567872714.095269 447717933.862351 610769670.933659
2.262835 558256075.257558 519040812.304187 601759935.532351 476323085.015823 645785770.455864
2.317782 591723067.829866 550472142.033974 636499815.404344 507980065.568692 682439539.116922
2.372730 625694345.453171 583127261.836488 672459390.931018 540244293.408819 719685939.230809
2.427677 660910249.124435 617171198.590291 709238615.062487 571375059.040289 758700976.374536
2.482624 696856996.733917 651915721.667903 747202549.606915 604231737.381079 798518944.549202
2.537571 734400989.970701 687908136.690984 786030092.988240 638258610.534555 838871419.335004
2.592519 773194068.958585 724515837.421572 826081026.174451 673374887.205322 881200459.328121
2.592519 773194068.958585 724515837.421572 826081026.174451 673374887.205322 881200459.328121
2.871105 977158730.670892 920998095.723936 1037349382.465643 860857119.776828 1102373847.225613
3.149691 1193165610.998516 1127137218.782522 1258073096.417902 1061049066.098679 1330862940.024284
3.428277 1420312214.756157 1345960007.375807 1493117769.938813 1272381478.288662 1571813486.484869
3.706863 1655733350.575787 1574112539.182839 1738222146.246099 1493818951.808254 1823234471.896559
3.985449 1903361599.366027 1812371564.154261 1993841167.071845 1725129377.852062 2087663589.981301
4.264035 2157962947.157436 2056352201.068470 2261892351.822551 1963949149.122215 2364347567.148180
4.542622 2425283072.302864 2307400693.310974 2544705132.600601 2203697219.591609 2662571895.908204
4.821208 2703463420.430538 2565175813.275936 2839997193.022346 2450281805.328556 2976223670.544455
5.099794 2987961163.187192 2828694794.397255 3150189907.031849 2691206353.840423 3299422834.842249
5.378380 3279839657.887498 3098248345.375055 3468578717.002013 2934372784.694785 3644909290.269733
5.656966 3573496964.388980 3362600105.861638 3789290137.416656 3172698761.375057 3998251356.062050
5.935552 3868789124.978739 3626355779.151699 4119152208.136495 3409845138.288438 4355408960.116516
6.214138 4165370030.396249 3890078958.133894 4458378636.806967 3643336508.638003 4726344997.716224
6.492725 4468000943.547741 4154788721.904253 4799227674.698374 3877277173.083934 5102715842.038849
6.771311 4766061574.398479 4410638563.861279 5144584211.889302 4110601517.196707 5498022244.448833
7.049897 5072553834.622858 4667138588.841093 5492223710.985949 4343761525.659107 5896823307.967548
7.328483 5374470207.272751 4920474370.448189 5835882558.590265 4568608595.733747 6310306836.578343
7.607069 5682824973.779596 5171675216.314664 6198608504.748690 4784204303.848900 6739286631.497178
7.885655 5981784383.960274 5425875875.652321 6568722898.307267 5000722007.628525 7151122906.725552
8.164242 6297397650.127938 5677498927.347912 6937076788.858044 5219096052.197748 7587906726.572559
8.442828 6607776255.502162 5925418279.033268 7315854868.599088 5431942998.746853 8044611210.923901
8.721414 6917810387.222424 6174290017.444698 7697700599.060053 5624885617.426775 8492995824.100900
9.000000 7233542289.378910 6425332239.473526 8081930145.610695 5825789361.890545 8963924907.583324
