0.010000 233.567239 134.225176 617.294701 92.959408 2097.076540
0.043496 15246.170286 9960.300094 29819.452141 7206.040525 68229.611266
0.076992 77517.787258 53071.723470 136050.613073 38927.208245 263910.097694
0.110488 215951.133050 151949.748613 352778.496413 113332.249767 624700.116708
0.143984 458968.046307 329157.655180 710858.479871 249034.492599 1187046.603158
0.177481 831948.422997 606039.296597 1241202.425822 463520.868657 1981773.240088
0.210977 1360412.467052 1003439.735115 1975708.708532 774444.599173 3035694.558718
0.244473 2071643.926201 1538520.921740 2951650.575030 1190352.441201 4284983.018811
0.277969 2985258.286858 2237352.696147 4184707.888166 1737836.385232 5886261.149751
0.311465 4117934.703632 3111053.643879 5679106.109730 2438575.459538 7745779.340879
0.344961 5486721.331536 4182492.993957 7459311.596793 3305585.963341 9933946.332344
0.378457 7125086.408110 5473876.437100 9605459.580869 4323119.496886 12681230.276885
0.411953 9050443.922404 6987939.084145 12053476.490108 5542299.314550 15736477.075986
0.445449 11251175.337472 8764772.584439 14777565.581023 6965824.691819 19239180.085369
0.478945 13736974.116580 10792263.177254 17827158.335962 8569320.766558 22906633.152825
0.512442 16516253.738136 13038936.571624 21201172.847254 10378803.529986 26981811.128114
0.545938 19565753.560149 15557710.265517 24956179.483383 12455850.655805 31398398.687445
0.579434 22912791.770292 18317936.399929 28984241.455863 14679955.638290 36141066.767566
0.612930 26648610.182305 21353528.925116 33431351.274005 17230013.322326 41298155.609886
0.646426 30712539.916794 24693123.206952 38208312.141734 20000940.926508 46662283.046073
0.679922 35072364.064940 28326135.579975 43360480.369322 22967244.872646 52476244.065236
0.713418 39845666.973667 32316593.040991 48978502.297816 26242023.063638 58712403.836782
0.746914 44983576.721709 36610274.262980 54829749.127270 29904252.509350 65282186.905182
0.780410 50402625.103842 41255473.527278 61241977.228875 33939923.396986 72418245.008106
0.813906 56229617.971975 46155986.810614 68103582.461287 38105884.519624 79975468.863628
0.847403 62475340.271777 51353698.622780 75241209.649311 42572435.536827 87922145.956844
0.880899 68916949.337901 56807678.525961 82631031.988583 47376873.082171 96322218.606929
0.914395 75585236.116013 62633431.833918 90587513.317715 52425782.919588 104907878.718204
0.947891 82675575.524882 68817877.867616 98860334.197634 57809640.474862 113355394.107738
0.981387 90113004.235822 75307979.509905 107228090.228478 63595602.885261 122203305.923829
1.014883 97791287.792050 81891366.421562 115807851.072170 69567224.767553 131622440.827646
1.048379 105854042.240483 89012828.125953 124653580.687431 75852108.528628 141516620.925197
1.081875 114119883.331580 96486542.356185 133972264.365349 82326190.317944 151977954.582774
1.115371 122641234.142982 104217492.401275 143743580.465515 89345367.201274 162689571.047198
1.148868 131529393.742086 112158922.490058 153601171.386578 96481363.752859 174049111.019404
1.182364 140741677.092227 120600833.063822 163932761.971067 104153379.661844 185195437.310303
1.215860 150400217.580998 129147142.268911 174429613.035443 111876312.310999 196157741.135737
1.249356 160408952.380456 138028939.791594 185331044.118534 120201070.303947 208251391.769243
1.282852 170844018.577473 147292396.623404 196428059.534282 128507831.053614 219852486.305835
1.316348 181440697.716865 156875086.024220 207931815.646694 137388512.377182 232340160.773446
1.349844 192439416.321127 167123114.841524 219998078.925431 146476699.230196 245388366.690740
1.383340 203760411.335624 177303159.701750 231512090.374083 155661352.619308 258102667.061701
1.416836 215419251.046574 188040813.437905 244287001.257853 165543530.543896 272217418.939999
1.450332 227294543.680539 199287892.374511 257194760.828579 175596577.141550 286196011.099129
1.483829 239569610.243563 210764354.467985 270525166.356970 186001390.783281 299868903.764386
1.517325 252496325.237247 222259899.869539 283936820.220426 196761922.232278 314538269.888739
1.550821 265437351.934242 234301697.326814 297515729.988336 207706644.111986 329814004.898702
1.584317 278773009.297656 246867994.150876 311758360.742656 219300221.803270 345393479.589174
1.584317 278773009.297656 246867994.150876 311758360.742656 219300221.803270 345393479.589174
1.732825 341269109.824509 305345285.377942 378985145.287491 273417035.098000 417528950.094380
1.881333 407932615.348126 368564580.641793 450214060.506721 331412048.394106 494480110.127037
2.029841 479382348.016970 436167675.656801 525823149.762369 394072784.124693 573275107.428968
2.178349 554935114.750656 507799394.991580 605646967.017601 460828142.006007 655760383.560573
2.326857 634546214.777658 583634924.233071 689983466.757680 535241768.536869 742746564.488321
2.475365 718336616.906729 664287052.550084 778072828.394889 609999292.762407 833757054.888544
2.623873 807001584.652694 748246653.274029 872303079.770642 689532051.149167 930485835.257095
2.772381 899370498.268739 834910144.291742 970241758.583386 770789392.796295 1032458761.596294
2.920889 996342552.472016 925796934.230975 1073151012.867924 855987299.443524 1139968198.105260
3.069396 1096474101.083805 1020199203.087240 1180260045.519722 943133624.968797 1253240663.200755
3.217904 1200165120.458147 1117279220.789558 1292407834.219841 1035464952.036602 1375165762.513720
3.366412 1307075917.716341 1216079185.915209 1408258197.135909 1122666608.746643 1503291468.147190
3.514920 1417395809.852628 1315615166.073684 1524874222.227618 1216879172.671264 1636358025.825242
3.663428 1526549882.729286 1415961115.090031 1645637753.922220 1310023546.781889 1767900143.686162
3.811936 1636491309.591748 1517608625.984054 1768743603.837886 1401870452.310945 1904430061.489634
3.960444 1747866848.794063 1618814012.179292 1893891848.636464 1487899373.445092 2044855507.789886
4.108952 1862923558.590254 1720468821.012629 2022192754.940095 1580462892.286004 2191666286.658910
4.257460 1978168948.041274 1825723127.694601 2155045908.658151 1670243706.745364 2346590362.404952
4.405968 2095467872.058901 1928223028.403992 2289405401.936263 1760618287.858981 2494061466.906941
4.554476 2211358567.758049 2030465591.146572 2423687286.526463 1846333915.862808 2649312162.801245
4.702984 2333294908.475550 2133101577.884184 2563153180.007166 1936478804.285892 2816773910.127251
4.851492 2455788188.444650 2237085675.401819 2703768027.915813 2024458518.113640 2983443266.869775
5.000000 2576253167.077330 2342764917.859499 2851570665.738245 2113099474.334930 3149840831.888270
