0.010000 976.540070 565.054494 2346.798979 375.210470 6334.656621
0.021024 7920.776186 4931.480279 16116.857246 3417.575917 35777.818188
0.032047 25950.860916 16917.350348 47732.380396 11949.586269 95298.455671
0.043071 59559.420765 39877.123375 103096.545705 28545.545502 193577.161774
0.054094 113599.379602 77016.602141 185837.808124 56111.598511 331661.737615
0.065118 191163.857930 132225.133199 302513.005668 96918.829098 511957.241715
0.076141 296346.604647 207918.818786 456225.450056 152895.304834 752661.304936
0.087165 434078.731558 307677.902812 655106.802242 227542.266611 1035302.764916
0.098188 605652.790774 432635.925195 900285.179452 322083.708315 1374539.787796
0.109212 814108.761026 588967.361670 1192750.367270 440228.928964 1791541.386597
0.120235 1060875.991981 775697.424403 1531051.053319 583564.893034 2260123.521944
0.131259 1351846.726966 997393.790294 1939280.180576 757428.220112 2783597.918620
0.142282 1692642.743152 1257375.014329 2395264.614790 957032.889828 3408299.350193
0.153306 2075233.126929 1552563.599055 2899774.840281 1188049.455454 4103000.542604
0.164329 2504689.362308 1884852.517556 3451235.274044 1455778.267790 4801241.761480
0.175353 2975886.511586 2259448.750297 4051864.993262 1759498.234153 5582775.094910
0.186376 3509456.045938 2684701.448071 4721377.125042 2095526.694445 6436937.494997
0.197400 4080821.434128 3150377.163258 5460215.295997 2481623.955593 7286453.103295
0.208423 4718330.538125 3663655.989618 6229094.632581 2904030.439726 8252243.152294
0.219447 5415128.451149 4216581.629919 7075742.782737 3364156.490731 9263730.606626
0.230470 6161356.029049 4823147.509327 7980744.348193 3868839.639700 10378426.147476
0.241494 6968346.182234 5488846.716026 8949202.617643 4419416.309336 11559698.473200
0.252518 7842766.468309 6209804.722814 9975224.231531 5013386.914867 12779941.723414
0.263541 8761888.844193 6965783.622520 11096385.715223 5655794.445084 14064918.584057
0.274565 9758580.896324 7784614.852596 12227505.326900 6347571.873326 15342717.343707
0.285588 10804286.355092 8664116.516606 13430320.604173 7089384.345514 16687577.807264
0.296612 11889166.702361 9560026.077580 14704400.650313 7855661.138809 18096438.038454
0.307635 13028213.109098 10541514.717569 16031578.705332 8695280.216428 19608445.327692
0.318659 14218642.180911 11590048.183654 17427367.265637 9571573.806627 21221596.434122
0.329682 15476534.117004 12669290.893337 18869700.977509 10541379.553433 22896395.957234
0.340706 16777265.544802 13797118.957784 20323583.147504 11506132.772754 24541736.216535
0.351729 18117425.088401 14985437.591483 21850030.831232 12570010.207392 26247301.849021
0.362753 19553417.213555 16221663.907791 23433675.360806 13646636.145668 28009444.185021
0.373776 21017570.026036 17515392.382513 25078065.759901 14808028.891288 29779749.589353
0.384800 22538230.266115 18874802.250522 26787826.039846 15990788.938357 31610852.170896
0.395823 24162545.606945 20311858.497714 28533706.271969 17203116.669583 33571814.947366
0.406847 25808675.969526 21805688.289135 30345434.568483 18520842.042163 35643468.488477
0.417870 27505716.519356 23354034.168342 32223752.088108 19912586.450038 37690368.998541
0.428894 29274027.864818 24931370.594723 34162660.530780 21384081.855112 39736368.954750
0.439917 31061966.103072 26564053.499132 36114285.925528 22883410.969907 41813646.421932
0.450941 32933390.365657 28245906.034940 38166593.093689 24424711.443791 44035685.019309
0.461964 34861828.087066 30025101.321271 40246264.651673 26033402.156549 46318939.333011
0.472988 36804031.045141 31867717.006965 42441101.614528 27687377.657867 48639582.704053
0.484012 38829200.904436 33745848.803242 44607627.091097 29414792.913434 50984934.479961
0.495035 40934653.295395 35719464.834647 46872676.434212 31144012.327006 53328926.107493
0.506059 43090752.114803 37730139.315830 49278127.013800 32970859.741727 55760381.550425
0.517082 45339978.766882 39858775.480434 51687803.032889 34921279.408163 58247715.150037
0.528106 47669516.639772 41952774.996709 54165397.885034 36944254.385211 60790130.102063
0.528106 47669516.639772 41952774.996709 54165397.885034 36944254.385211 60790130.102063
0.722536 95723453.747076 86916902.774008 105624649.011812 78523914.442080 115480440.929591
0.916966 158235046.600547 142349840.947228 175178702.748717 128263663.631287 191449742.854157
1.111396 234294508.575632 205351385.533797 266211598.948805 178737656.931264 296089936.563232
1.305826 317900324.244275 271070728.817703 372813955.972401 228594495.951823 424061544.198394
1.500257 409228598.630442 337329020.104213 495703731.155923 279930776.140535 574298426.544031
1.694687 505007430.867941 405204737.172588 632500230.485853 328635447.731690 752530245.992863
1.889117 607002931.766254 474154055.374654 781912404.952430 373846548.161871 954329529.957045
2.083547 712739754.718548 542615768.608239 946811447.279642 418897776.639572 1192599365.278997
2.277977 820793347.656759 608303349.024390 1123475444.467665 460118894.816131 1449272320.766431
2.472408 928962504.850517 673504729.645965 1311812036.643934 502427051.702317 1718788029.414088
2.666838 1038328051.419276 737265260.479663 1499470381.229412 542998259.411176 2007949368.372737
2.861268 1146500524.612210 795386080.210269 1691072015.712472 578037947.379250 2309378637.212093
3.055698 1256641362.543551 853979153.383253 1892131553.349864 612584840.749880 2636058889.506571
3.250128 1364680333.173869 908674659.148604 2102962896.932521 644018392.739466 2958846094.269946
3.444558 1472354185.766947 963737030.189219 2312650768.034974 674694090.953642 3317418911.876830
3.638989 1587713742.837543 1017826627.973941 2520510438.601182 705215712.965877 3703260028.424362
3.833419 1698168161.219952 1070488966.650176 2744110016.957842 733641392.203891 4074566036.578085
4.027849 1806642143.931548 1125950136.383223 2974349912.179631 759434408.852890 4471987537.021229
4.222279 1914169438.677678 1173660561.171168 3203400684.970008 788276282.610096 4914425624.603852
4.416709 2025175050.015686 1224557474.052697 3434068099.830248 812293695.663866 5395223045.600204
4.611140 2125274762.384717 1273886445.567667 3682273896.067422 839146070.079741 5883619046.065640
4.805570 2226294149.512036 1313993416.121284 3922716229.825727 866912091.155998 6359789415.462067
5.000000 2335398751.773706 1357593475.672201 4178763871.695009 900799142.338863 6821053106.675143
