0.010000 416.177149 130.289518 2407.937743 69.179134 17564.593714
0.039098 16875.636709 6720.464986 60853.568172 3929.599326 261799.183546
0.068196 77189.138505 33622.905188 224686.760863 20495.081758 805134.331760
0.097294 204082.487300 93569.941155 522586.648156 58672.766339 1697858.925103
0.126391 410716.994162 198547.959311 977451.974840 126811.837314 2916813.071595
0.155489 723880.567441 359421.570101 1614177.109664 234362.554698 4396996.071801
0.184587 1152630.682277 587223.674535 2442734.049558 388627.409570 6139964.858677
0.213685 1695617.848418 893893.935972 3474835.030427 598355.579709 8235177.636688
0.242783 2385292.028741 1289108.191645 4762300.808660 868564.362740 10636200.435654
0.271881 3231285.817607 1778308.363143 6211956.361955 1216485.997529 13404171.529706
0.300979 4260153.143474 2382684.906541 7932217.695449 1642444.560475 16354560.468370
0.330077 5445895.091256 3100363.101566 9896379.167954 2156266.418955 19768658.176731
0.359174 6809723.473687 3939833.263243 12170539.110397 2765946.133693 23628857.502348
0.388272 8367406.751918 4883340.959165 14633260.768868 3476074.672065 27768527.171820
0.417370 10044103.341630 5972274.800027 17316315.935840 4280589.944143 31844634.079743
0.446468 11890947.587606 7190272.980022 20260369.682140 5207929.887013 36255647.515028
0.475566 13919770.399543 8539050.881148 23301206.518529 6232513.158320 40774276.934834
0.504664 16155688.305292 10041353.573553 26571033.440800 7376345.095158 45395597.368557
0.533762 18549134.601174 11683265.679816 29943706.070796 8647371.302163 50372938.196034
0.562860 21130421.766339 13490858.546336 33520393.355952 10052966.653879 55347815.612059
0.591957 23875513.449925 15463371.465207 37412868.370675 11619659.565961 60831858.943954
0.621055 26786654.900780 17606631.775804 41462636.952421 13279487.810415 66487098.943541
0.650153 29909465.065748 19914680.230038 45626417.493055 15108000.539187 72199287.898759
0.679251 33155303.141406 22364331.538450 49985598.150231 17132772.628873 77792357.147638
0.708349 36679585.497310 25034365.402388 54578889.385796 19338265.365089 83884596.054199
0.737447 40359461.703752 27922715.448758 59298553.192128 21627185.749528 90064909.719295
0.766545 44134261.384251 30941009.212490 64224118.934704 24140148.763297 96103355.772257
0.795643 48132502.532272 34097011.086505 69319685.395106 26820796.687942 102156556.689531
0.824740 52355388.972610 37468659.619456 74605278.973661 29629326.919277 108282593.791490
0.853838 56699996.466615 41046455.721102 79964594.570665 32610012.888901 114396942.203532
0.882936 61257416.917357 44736931.796309 85511413.219211 35766999.852547 120967718.385423
0.912034 65983519.187123 48599378.833955 91353181.967494 39112457.655007 128004279.298456
0.941132 70932372.925814 52610268.475219 97264877.851408 42626239.096648 135176418.068369
0.970230 76074035.287774 56880143.459014 103392451.046435 46336568.766221 141948011.404546
0.999328 81409593.982529 61377540.050546 109591301.564868 50239357.606564 149139290.157270
1.028426 86927117.439541 65991882.732899 116066736.433062 54338547.973325 156507936.939484
1.057523 92669631.851416 70821993.555061 122695907.507329 58655330.817410 164098087.457876
1.086621 98514853.781872 75993194.910301 129410404.833323 63141724.671147 171737375.705875
1.115719 104694789.492662 81397522.269444 136369434.220291 67853421.576829 179383401.570007
1.144817 110889968.651198 86977922.287428 143452192.650320 72876987.500013 187175944.859706
1.173915 117364793.212791 92776720.635531 150728802.149579 78089778.281496 195029919.124251
1.203013 123935623.468824 98648117.696712 158155724.814760 83589679.112902 203114512.124327
1.232111 130938960.096721 104872113.323818 165616642.388521 89376288.000957 211038271.975091
1.261209 137891767.089031 111358344.871827 173174935.038864 95227588.845089 219437435.106902
1.290306 144957857.889919 118087359.436731 180826183.831922 101114440.652986 228083773.580112
1.319404 152237608.285012 124818741.079716 188841841.996914 107212306.835697 236574749.288993
1.348502 159697430.970747 131845651.616553 196783868.965232 113919523.069812 245037194.364451
1.377600 167493884.100792 139282871.301890 204912320.694683 120593381.041811 253605483.040657
1.377600 167493884.100792 139282871.301890 204912320.694683 120593381.041811 253605483.040657
1.535096 212353824.431354 181590458.419879 251535666.404191 160733082.410588 300191155.818498
1.692591 261914896.353004 229464721.972250 302067389.851927 206817184.926612 349575097.675689
1.850087 315893933.306200 282455126.486217 356387945.722221 257674959.047176 401069389.533196
2.007583 374121427.842147 341387774.702517 413135420.284295 315071405.729465 456254287.553338
2.165078 436223388.606862 404475206.354417 473234018.511612 377577552.937356 512213023.309003
2.322574 503572432.644031 470883847.036512 539259620.788061 445148926.220262 572667257.946373
2.480070 575323849.228626 540783042.303960 609995744.219940 512379494.732599 643097615.320175
2.637565 651088884.653935 612799208.744374 687698994.004772 575776923.760471 722761120.458873
2.795061 731582035.203007 684619282.943420 774662787.506771 638346841.708758 815230187.224729
2.952557 815410093.721446 754278706.875575 866991370.007078 697922392.147744 921726805.649648
3.110052 900793971.711088 824337545.848840 967112701.563517 755181091.824737 1032363475.383503
3.267548 988595903.501781 894069848.736083 1072074104.947059 813151396.846181 1147999557.768682
3.425043 1078095282.251582 965507308.056223 1183750174.832325 867678970.038912 1278989706.454009
3.582539 1167856321.324982 1034528687.333902 1301155797.725393 922412803.903459 1418010024.435403
3.740035 1262066692.301260 1103937588.874459 1420767036.127915 978608347.093814 1562319296.693166
3.897530 1355667365.476037 1173693970.677337 1547154996.955694 1027704242.087951 1713607559.602632
4.055026 1452920430.246748 1244288276.700809 1676947592.737742 1077041059.818717 1878931352.142586
4.212522 1552268645.371064 1315250590.729999 1813045523.670566 1127942091.575907 2049671161.568858
4.370017 1651771876.643034 1386592730.331861 1957039517.884000 1173945414.424738 2228259219.876494
4.527513 1753854727.024920 1457649489.453832 2104311697.081346 1223832501.320863 2421798386.495736
4.685009 1857176131.518639 1531265229.657999 2254580286.067503 1272601078.698346 2617470101.215378
4.842504 1965183838.468845 1601646276.269731 2413494621.055726 1320118212.501673 2819761594.917101
5.000000 2073925748.702350 1670902971.669220 2576542572.404182 1364175484.660016 3026611671.105809
