0.010000 185.127720 118.632520 379.813848 91.546743 894.489544
0.046475 15679.362984 11142.373043 25676.473507 8832.470392 46175.825736
0.082951 83826.074460 61492.779734 125458.846987 49267.711798 205902.475028
0.119426 239643.559542 179966.100519 342989.753548 145328.943559 527521.687963
0.155902 516248.502532 394457.351112 716446.978942 320400.227684 1047042.372016
0.192377 942485.329321 731496.603277 1284706.434794 595691.161166 1794930.404006
0.228853 1555491.616046 1212967.682041 2070477.131521 995254.593806 2816632.148665
0.265328 2378799.390728 1872136.083512 3103051.342412 1536378.675183 4139067.886508
0.301803 3438246.892364 2735941.365338 4442443.288927 2245166.643514 5797469.689147
0.338279 4760090.932658 3822064.995405 6098309.805877 3135490.332457 7860330.885868
0.374754 6390922.000205 5149618.186695 8119260.618754 4240456.001876 10344369.278629
0.411230 8345463.099079 6748679.790046 10531191.434067 5576739.735494 13286745.061990
0.447705 10626500.124284 8650469.557699 13324864.075502 7147785.229788 16616880.868974
0.484180 13303237.621333 10862038.230029 16557966.436703 8977288.733224 20378662.884332
0.520656 16322573.588883 13388623.363135 20120850.270792 11069047.814561 24650739.591446
0.557131 19740198.522219 16286687.106673 24135105.825684 13459680.402509 29379035.171368
0.593607 23562090.824242 19541840.655978 28612712.955538 16149621.167671 34524380.645485
0.630082 27811434.834928 23134118.861450 33567032.512205 19222968.567431 40089789.794865
0.666558 32472368.243440 27181600.129358 38986533.074577 22671038.210559 46140300.935901
0.703033 37581637.272967 31606144.592532 44949563.807223 26481701.341754 52797907.020287
0.739508 43265074.400867 36454083.817121 51327371.410913 30702702.859733 60149485.320723
0.775984 49368765.087188 41665957.856892 58374643.462194 35241684.803132 67678950.662572
0.812459 55925068.817799 47444458.420022 65974827.311079 40223478.536714 76306124.357539
0.848935 62999507.673604 53680553.851143 74198866.904634 45715244.719352 85404362.304705
0.885410 70542764.515055 60296651.187061 82786006.828252 51605030.974212 95245490.653401
0.921886 78808846.338739 67509157.774855 91997596.121969 57840832.462486 105768837.202931
0.958361 87408273.517228 75094038.813041 101845103.606848 64545439.778021 116768160.250460
0.994836 96447638.781086 83325528.334484 111919452.605525 71627118.690630 128183594.918084
1.031312 106149305.949725 91902041.701621 122406008.024718 79352980.595396 139600364.598911
1.067787 116274303.667179 101002553.654873 133467372.879426 87404203.104194 151529988.657551
1.104263 126989316.551550 110668912.235134 145256433.737916 96107421.931576 164821633.668658
1.140738 138161067.452392 120702838.151845 157593338.374706 105062524.812414 178265850.064104
1.177214 149898873.224357 131358675.594230 170548705.888768 114820182.461456 192166936.575956
1.213689 162092626.227745 142565192.168697 183822604.447092 124784305.847747 207062910.748088
1.250164 174852910.260030 154226385.233618 197932483.970848 135448827.041155 222316262.280115
1.286640 188450305.690853 166549999.349948 212303230.559521 146664815.393828 238501271.781767
1.323115 202558050.118638 179356060.072791 227300068.689422 158430002.237177 254406118.035492
1.359591 217027721.637844 192857863.813370 243053263.083890 170831103.438181 271710787.142910
1.396066 232092655.627901 207109983.554453 259172691.460071 183968219.936683 289054869.060640
1.432541 247859660.096128 222024465.425712 275888053.131043 197275471.987392 306600211.509782
1.469017 264260075.946592 237048911.989261 293462230.143249 211253754.873910 325628076.790910
1.505492 281221548.105309 252757841.917127 311354566.316745 225677797.999861 344375148.873088
1.541968 298420009.269831 268949430.918195 330060079.117108 240840204.855997 364793505.835575
1.578443 316748791.281473 286018337.114208 349400505.124199 256897251.718580 385546765.974984
1.614919 335638004.200946 303864232.063579 369619540.796336 273635990.609452 407020074.993523
1.651394 355418576.740651 322149145.660486 390484578.931108 290283479.081545 429052794.501468
1.687869 375442383.185214 340644850.669612 412492869.630067 308287884.233486 452603952.499114
1.724345 396357251.570446 360075032.196635 434419656.080145 325929437.402160 476321841.971177
1.724345 396357251.570446 360075032.196635 434419656.080145 325929437.402160 476321841.971177
1.866765 482501673.258753 440440296.697598 525993723.339898 400330982.368481 571556282.274750
2.009184 574301442.842090 527557568.877022 624360208.438730 481462097.527306 675832540.410393
2.151604 672173149.652800 620840427.772738 728226471.917933 570451295.958131 787933191.867345
2.294024 777567677.004572 721814856.593388 840308868.796238 668422300.780954 905769387.793708
2.436444 889415990.394509 829501712.799355 958429856.944610 770532516.061279 1031400712.124922
2.578864 1009845340.323911 942354844.743567 1083551028.386991 878353493.589605 1164546084.806311
2.721283 1135020957.435237 1059967655.499077 1217343383.154764 991718393.081505 1305388676.125495
2.863703 1267522098.841527 1185120279.826455 1356586453.066608 1108619383.717419 1452603617.667319
3.006123 1406877752.263956 1316074484.748575 1508487100.298197 1225773039.291983 1607737244.471014
3.148543 1553653083.194329 1451727011.815742 1665922683.235845 1349619862.082586 1779501483.691204
3.290963 1708627765.637104 1593193253.954756 1832419568.897009 1470919922.655645 1958327198.994892
3.433382 1868590389.685140 1737848462.878353 2007094671.995416 1601374780.518486 2146814687.693233
3.575802 2032277091.286760 1884901300.344920 2186971375.564788 1733922628.970789 2353072159.525677
3.718222 2201459558.479201 2035108166.891124 2374374492.494511 1859732342.050025 2566645021.260600
3.860642 2373617269.507530 2180295747.353969 2565940590.099300 1987455502.696440 2781684125.818442
4.003061 2550693980.685828 2329892195.179066 2764275121.837173 2120799643.596867 3010195317.491304
4.145481 2729086368.609289 2480365539.302846 2969764832.134309 2252089741.089952 3243849738.952864
4.287901 2911396426.059525 2632938545.959490 3183572818.116703 2381306653.275400 3484480435.339903
4.430321 3093020051.208559 2783769868.022478 3400464676.573067 2510715684.014456 3745363688.373086
4.572741 3275303212.805912 2940252475.702769 3621437136.550420 2634613287.747019 4017270469.165172
4.715160 3471358878.158353 3095405059.540336 3851586362.983727 2757682065.901778 4294821939.566655
4.857580 3664546326.442519 3253614994.732640 4089842666.537262 2882416631.287528 4576835157.937717
5.000000 3857789755.025473 3409875481.162861 4330317444.963455 3013339400.493740 4870875349.567604
