0.010000 600.065976 285.614186 1143.410201 181.438410 2040.100048
0.036431 18767.247867 11488.459696 29172.017690 8350.690722 43330.521235
0.062862 79938.633297 54128.290464 114444.532187 41337.566003 158308.799540
0.089293 202952.341625 147302.654792 276173.124477 116748.276138 361871.592875
0.115723 406057.225178 307287.339407 529369.715574 250823.488589 672686.125838
0.142154 699867.979859 552803.208686 888069.458095 457191.424089 1094721.574647
0.168585 1107486.642191 898933.691828 1360836.145354 749843.904936 1640132.173113
0.195016 1637354.889790 1353270.679983 1966992.901688 1147485.665491 2326661.574814
0.221447 2296379.354190 1934760.127705 2724681.623143 1665755.769582 3169922.038399
0.247878 3105644.564348 2652515.379326 3627266.702317 2311826.518621 4158769.502717
0.274309 4077440.226296 3513746.530441 4699040.673269 3106073.212987 5307421.353363
0.300739 5224608.769889 4540149.839763 5936940.208166 4035465.892221 6652096.845829
0.327170 6554444.085502 5740407.176587 7378533.309394 5114876.226247 8253247.342543
0.353601 8026081.969595 7089096.612157 8984353.046808 6330342.611048 10033386.053824
0.380032 9667856.051699 8578878.668442 10755582.203422 7717116.226500 11951079.722949
0.406463 11460337.526818 10247822.087884 12703888.980935 9247150.686549 14088761.846641
0.432894 13440806.175440 12101869.331497 14807875.595893 10966843.603896 16337790.840072
0.459325 15598919.392663 14126092.199510 17116946.056365 12864326.063185 18783844.349517
0.485755 17944559.965351 16307848.396423 19605055.641802 14949083.444639 21377023.356570
0.512186 20477494.628014 18685842.112468 22295294.790371 17214171.251690 24234172.105995
0.538617 23215007.288862 21258432.604219 25166872.036869 19681116.940000 27289284.039323
0.565048 26121606.474051 24047081.802362 28246289.410592 22310199.128047 30528243.382187
0.591479 29236612.305476 27017698.056246 31546355.803843 25131826.870561 33968711.951762
0.617910 32567022.926670 30162009.323621 35033168.033106 28128589.253432 37683712.083011
0.644341 36132268.711540 33485168.964523 38761477.618960 31354769.933600 41614621.175839
0.670772 39849062.518347 37038598.620829 42632698.031848 34773856.837868 45633395.608151
0.697202 43741583.382301 40774096.971384 46719234.362186 38340956.000484 49877101.315443
0.723633 47826286.689133 44682241.455926 50973472.294164 42092937.906807 54311384.841254
0.750064 52110414.377904 48749310.636995 55414831.510486 45996263.917416 58977217.594885
0.776495 56550524.666222 53049298.703517 60054340.773306 50007859.716039 63814074.453504
0.802926 61209643.541707 57514964.253091 64913652.175020 54300192.192133 68869733.036119
0.829357 66056906.114043 62176597.783329 69976383.823958 58827253.441108 74165205.737246
0.855788 71103656.075919 67023537.163421 75162437.595849 63542458.929867 79587945.635915
0.882218 76322554.159970 72030865.343892 80554786.075549 68464359.418218 85325912.358829
0.908649 81745774.891555 77249821.316749 86166352.003888 73467206.304352 91165219.799922
0.935080 87411196.017635 82722697.681932 92007309.643795 78675320.149277 97114945.905661
0.961511 93225082.954387 88369030.453909 98082203.880174 84237165.203510 103346789.410031
0.987942 99254539.350935 94173152.471061 104316523.718217 89806032.623183 109702471.419694
1.014373 105511636.612493 100167361.945213 110730740.248462 95659360.556662 116274207.797659
1.040804 111963205.896383 106362138.557881 117414947.323603 101677056.388916 123051109.624160
1.067234 118559972.684700 112716646.903452 124307558.086533 107828040.032936 130125401.563128
1.093665 125430012.580755 119464316.990151 131405304.531153 114116898.039711 137418211.289044
1.120096 132448990.175354 126262240.964522 138692016.582475 120648716.561216 145112695.177022
1.146527 139683986.323093 133248565.083699 146193077.552971 127405797.196054 152786968.848488
1.172958 147179296.427566 140441569.475003 154045587.423296 134317588.604237 160746178.802847
1.199389 154835707.821850 147768496.913108 162106971.203116 141521830.246104 168998704.568902
1.225820 162759809.562093 155448147.885490 170301467.827694 148762092.953129 177611642.446144
1.252250 170842188.170783 163296941.593749 178693191.042145 156255234.341590 186412283.144669
1.252250 170842188.170783 163296941.593749 178693191.042145 156255234.341590 186412283.144669
1.415196 224346049.623324 214747894.506378 234525214.147747 205832430.988130 243868201.640426
1.578142 284150942.219216 271809854.545724 296043665.199045 260858434.231560 307745408.773905
1.741087 349548656.815180 334587443.711516 363087607.555477 321115392.309245 378359399.222195
1.904033 420056861.137407 402224719.120856 437363988.074442 385871520.063786 455123031.979077
2.066979 496656903.999869 474572782.638151 519137036.693321 455089598.533024 540139281.137603
2.229924 578624147.322448 550960403.617581 607766521.745540 527258158.160815 634693739.882715
2.392870 666294035.633107 630644292.059803 702935918.070922 600532916.481597 738790085.046429
2.555816 759369844.893285 714385930.673737 806684939.560938 674679545.241315 851940695.050771
2.718761 855245399.624095 799305035.707520 914522203.868212 750455023.367651 973789998.852465
2.881707 953697211.883319 885842435.491292 1027166365.988228 825879202.218163 1101917604.624998
3.044652 1055015640.130226 972899112.177973 1146674577.214900 900856492.031336 1236247375.300566
3.207598 1158931997.881652 1060482474.792207 1267939543.222143 974995869.873947 1375263670.139001
3.370544 1265351113.976735 1147555027.763838 1395076261.400048 1046278258.005053 1526501830.356034
3.533489 1372621125.982530 1234090770.850863 1524258667.897882 1119232467.194077 1683285712.800370
3.696435 1484660482.822752 1320964346.988795 1658134092.880943 1193732936.027346 1845457147.156631
3.859381 1595523391.674320 1408224255.177221 1794756735.778437 1264765016.189322 2019618811.588431
4.022326 1707921846.870561 1497346223.779110 1936703821.662441 1331259573.512779 2190988101.386221
4.185272 1826090310.314536 1587934589.633728 2084143194.740192 1402428764.774877 2377633100.260473
4.348217 1945059272.764081 1677761523.237828 2234442780.122499 1469310927.907032 2574349337.443406
4.511163 2064884770.101370 1766794491.362210 2391667917.441050 1535092895.595503 2776861143.738703
4.674109 2188217794.563015 1856159047.953116 2554147395.428654 1600677601.983800 2983701510.428198
4.837054 2311667641.670209 1947102290.677313 2722199275.226377 1665652336.713963 3202731604.704486
5.000000 2434933740.495564 2038503351.866667 2891529757.563724 1730043046.899655 3435982602.520284
