0.010000 353.823029 155.899445 1056.564868 95.342237 3719.060925
0.034094 9725.226667 5465.472380 21049.699587 3606.672206 49684.942929
0.058187 41177.608064 25613.231300 77437.601085 17308.657456 154409.519543
0.082281 105002.480778 68961.700927 179565.511695 47934.982525 328877.804500
0.106374 211254.892448 143876.224064 338565.129941 102591.960568 576786.649063
0.130468 367189.038164 257238.646401 559074.214630 186232.209048 892136.051921
0.154562 581325.167113 415492.928391 844941.432145 301791.973149 1294887.116970
0.178655 859884.128292 627534.037761 1215687.646352 460379.187414 1787166.009826
0.202749 1211117.967336 899262.058344 1655364.605090 669063.399467 2366879.891858
0.226843 1639009.818850 1237951.362195 2192146.290707 922422.244980 3024065.587249
0.250936 2150550.938381 1641844.026180 2826100.504190 1230603.700472 3775331.698354
0.275030 2751790.663484 2125306.737073 3563675.033435 1609594.304608 4638208.928764
0.299123 3454615.438491 2684894.026861 4408424.991073 2051836.661888 5648822.029305
0.323217 4220185.511802 3307283.534411 5341637.264545 2562700.227029 6751400.284988
0.347311 5070730.034697 4017051.419354 6358041.492810 3125951.678530 7919592.258830
0.371404 6004428.909831 4806978.198581 7449452.436800 3776726.806885 9150332.930178
0.395498 7012223.771068 5667315.629173 8611977.676609 4502993.819593 10430920.086914
0.419591 8105684.295101 6612415.512099 9866009.392141 5309508.402289 11862823.593339
0.443685 9275424.295801 7620380.010542 11189835.426975 6194536.980966 13333656.830022
0.467779 10543139.291561 8733309.831493 12610239.387285 7207425.222323 14897440.450184
0.491872 11888426.095148 9927497.970066 14108811.618038 8280910.470104 16659706.073440
0.515966 13308192.726439 11216906.286457 15725477.656928 9406152.712271 18511044.137140
0.540060 14827346.311376 12568966.527454 17403267.480280 10602638.615545 20361671.107146
0.564153 16414492.518372 13981767.107601 19177612.888955 11899116.267671 22387675.118613
0.588247 18088222.174964 15521148.467106 21081700.781332 13254054.008129 24542646.524661
0.612340 19826128.230532 17119911.229514 22972587.160634 14703203.656709 26658624.695949
0.636434 21655186.847310 18804922.252470 24999366.207613 16215798.895013 28802350.309790
0.660528 23530324.771651 20507367.960498 27114077.901710 17707778.111368 30941234.563259
0.684621 25510594.589638 22292217.402354 29311651.133414 19235067.860271 33505264.334655
0.708715 27598446.889742 24168105.932353 31613030.293204 20984358.076914 35953941.930586
0.732809 29711214.105193 26049490.784508 33951342.358713 22687340.317435 38534877.423628
0.756902 31911391.602812 28043318.797004 36327890.315124 24479104.572569 41246530.422427
0.780996 34159881.665327 30035227.538732 38796624.330631 26234008.891250 44123048.531802
0.805089 36457439.084776 32175938.020275 41344991.872512 28039239.888491 47201578.327872
0.829183 38853023.654613 34371899.271850 44028729.016971 29899333.150475 50152681.076185
0.853277 41350950.622538 36581315.339932 46846397.686852 31845922.702211 53358019.067157
0.877370 43895479.910778 38753179.265011 49829452.703515 33685182.180661 56600196.420837
0.901464 46552628.752885 41028988.476934 52795237.283524 35590719.685894 59823792.568046
0.925557 49310149.474890 43356435.581329 55793857.696210 37610127.193588 63160388.818197
0.949651 52148821.492902 45723203.144068 58983946.401447 39527847.501266 66840814.035298
0.973745 54939310.278708 48046930.720126 62305522.284143 41428670.479766 70620382.334872
0.997838 57715730.301500 50502135.617303 65699051.267782 43316700.228967 74527832.746753
1.021932 60705321.899202 52970391.328925 69253006.148729 45535314.849579 78542674.847831
1.046026 63790428.945185 55496196.170397 72964188.931060 47698320.166430 82594588.776943
1.070119 66965640.291353 58113884.905085 76747945.188287 49600937.851945 87190937.234698
1.094213 70137642.262811 60582231.748581 80579776.509570 51869104.027580 92002847.224623
1.118306 73413823.932879 63310585.293306 84652134.451835 54263047.976483 96557638.873741
1.142400 76772054.661130 65910231.271538 88687409.572837 56424137.089849 101642618.519660
1.142400 76772054.661130 65910231.271538 88687409.572837 56424137.089849 101642618.519660
1.310122 101456372.913792 84666316.173032 119654114.113490 71651531.973857 139693185.932913
1.477843 128180719.467751 103883293.903915 154590067.434483 86843513.871329 184377316.392304
1.645565 156622805.710457 124258575.485411 194008041.817758 101765486.756745 233738182.194214
1.813287 187490674.671844 144823696.807559 238364988.150812 117454576.633657 292663156.096165
1.981009 220262680.715961 165906550.565261 285760074.080876 132100902.231709 359743773.393803
2.148730 255120853.671858 187173054.803925 337567843.501067 146847350.749863 434328203.047618
2.316452 291321167.620455 208605082.210976 393592723.796752 162307882.413537 516794859.616768
2.484174 330085005.387447 229883786.084403 454770008.625737 176415658.721748 605550533.781019
2.651896 366844273.384033 251605619.675273 518843016.303130 190776420.967337 704917952.579531
2.819617 405829486.201264 273463098.762915 582161109.794084 205023978.698969 804968273.558919
2.987339 445191389.859328 294745652.441716 649381878.633338 219196187.395849 912927650.942994
3.155061 485165048.663577 315020319.979370 718549240.872887 233052165.545279 1020371072.565945
3.322783 525502684.181303 336222915.225513 791959318.824412 244655148.099668 1135012473.453778
3.490504 566592661.114616 356328263.319172 866312584.600068 257543520.115716 1255419329.961431
3.658226 607354081.505608 377511349.105554 945691973.710768 268283337.207866 1386182634.946207
3.825948 647216327.650578 399203425.881288 1025531477.528737 282464062.366594 1523163150.095786
3.993670 689082102.801095 418795444.120550 1106630329.905961 295722810.974407 1666959690.011448
4.161391 732726540.196932 437897850.041885 1190741230.995734 308973638.661949 1828194111.253895
4.329113 776225732.519067 456849157.630721 1273912999.021562 320700027.772485 1988104231.016805
4.496835 816591926.827563 477831140.592092 1368118330.964697 331995561.171157 2161484512.205465
4.664557 860880679.746671 498723365.748769 1458392100.251165 341711566.255759 2335567819.544868
4.832278 902417215.215492 519208724.266275 1552504487.466671 352015717.697768 2512962859.834665
5.000000 946489185.811062 537086462.103529 1640147171.665221 362420899.309065 2692242305.003088
