0.010000 433.540738 178.599846 1969.487977 56.251195 11621.231506
0.017533 1983.218871 860.889126 6635.109943 279.192450 28460.636888
0.025067 5200.010218 2333.818618 14535.523337 763.866680 51259.067180
0.032600 10509.248875 4834.780842 26066.580718 1494.606284 77392.008618
0.040134 18180.483720 8547.520182 40648.843242 2667.550902 108534.562753
0.047667 28623.822305 13712.994366 60969.545859 4288.785947 145865.171322
0.055201 42359.026667 20686.372396 84416.967757 6086.609300 188478.640786
0.062734 59551.848950 29522.965570 112757.271067 8069.754588 232960.476635
0.070268 80180.200562 40176.003145 147694.745862 10823.122208 287044.007681
0.077801 104944.776968 52821.902786 189176.907377 14322.314739 345879.036227
0.085335 133938.392143 67171.949367 235442.204463 18468.034919 412737.074416
0.092868 167893.616285 84255.816881 289941.582031 23306.745015 486345.603160
0.100402 205463.543258 103366.815125 351298.574219 28883.892449 570819.169218
0.107935 248852.214015 124780.434290 419598.346030 35244.012108 665470.227885
0.115468 296805.092458 148370.737430 492156.604308 42941.949244 749675.679351
0.123002 348074.701848 174480.829019 575521.579571 51817.685074 859234.428198
0.130535 405950.206117 202637.505001 666031.364182 59643.287861 967121.689051
0.138069 468033.631042 232859.857343 762192.656963 69016.392946 1089227.611483
0.145602 535950.781938 264533.147120 866250.355170 77793.930494 1224105.785727
0.153136 612051.472810 300006.647245 986965.999171 89200.361250 1374913.817300
0.160669 691405.313390 339044.608823 1119869.803264 101554.909511 1540960.921535
0.168203 772974.556177 379160.267239 1247804.011687 113138.921947 1720285.214819
0.175736 866971.910113 423059.990289 1393132.707545 125449.068802 1952448.938396
0.183270 965444.913724 469213.277862 1552872.131407 136942.342236 2165274.555160
0.190803 1070182.175861 521368.669304 1715410.303024 148192.227871 2378571.206985
0.198337 1179312.282918 572231.014169 1895163.537172 161882.778091 2613350.418632
0.205870 1300844.164600 627073.023444 2081309.118874 174759.789760 2862737.848687
0.213404 1419575.781632 688090.799505 2273894.539857 192255.275439 3115109.235964
0.220937 1550126.474411 750012.266309 2487991.205931 209120.805367 3427519.568264
0.228470 1686462.560583 809404.380200 2723898.023962 226379.782180 3731223.120739
0.236004 1837019.555265 877789.729588 2966015.200860 247125.879717 4066178.961236
0.243537 1983077.618566 950594.496225 3225743.804930 263387.777343 4440193.364478
0.251071 2138893.605401 1028975.790111 3483638.198789 283115.740941 4796829.127967
0.258604 2310552.263389 1108009.529166 3769338.892199 302881.816318 5177737.996500
0.266138 2478038.346691 1190002.347149 4073347.296179 325066.153415 5589888.963396
0.273671 2655212.358874 1267920.685356 4391810.224370 347306.705790 6029611.967438
0.281205 2843182.781358 1346251.280251 4726655.437550 370402.622256 6454578.248201
0.288738 3043466.001604 1435770.569858 5077537.765739 392932.834304 6943430.243520
0.296272 3254621.670521 1519879.021332 5433580.712721 413972.544049 7487274.642800
0.303805 3472119.172367 1613777.805117 5825830.241698 431266.171732 8007295.430857
0.311339 3686744.522237 1717222.420366 6240202.608609 448712.811512 8576290.492114
0.318872 3945422.339022 1822793.061990 6648348.740563 478826.874743 9132703.610553
0.326405 4200381.586380 1928295.797250 7074878.892040 502447.971799 9775842.783104
0.333939 4461351.255777 2032340.245278 7534296.812275 520956.733284 10431587.428563
0.341472 4723745.621394 2142317.650421 8002811.681174 543077.281709 11110850.137770
0.349006 4985871.548251 2255762.545335 8483351.880358 573812.656916 11753920.813785
0.356539 5257505.696717 2358662.611054 9013570.129666 602323.586979 12483055.953390
0.364073 5552104.328496 2470472.695348 9526191.127394 630668.676850 13272414.850456
0.364073 5552104.328496 2470472.695348 9526191.127394 630668.676850 13272414.850456
0.400417 7051969.263508 3020031.089266 12285959.471253 784794.914866 17213267.031135
0.436762 8662968.777506 3569455.984843 15369236.206138 956724.322687 21825921.773485
0.473107 10459540.651788 4248268.327761 18803522.537168 1102314.754408 27026998.748702
0.509451 12442128.761565 4917673.277623 22544115.020491 1311121.305451 32982724.197996
0.545796 14563483.517290 5628611.249478 26793086.310011 1466565.423861 39396132.274120
0.582141 16893522.773897 6318916.893818 31428653.746549 1591189.269125 46848657.442629
0.618485 19328148.471946 7090032.787161 36301080.093294 1756223.719995 54549676.465319
0.654830 21851042.429266 7857183.144770 41702195.525411 1981420.717203 63114677.200317
0.691175 24677467.886124 8691323.413116 47499328.957554 2143449.799142 72684341.516097
0.727519 27737192.434147 9455210.223822 53759376.270342 2443400.881508 83018040.841515
0.763864 30951228.002792 10410375.688746 60192108.351868 2660870.579367 93426061.780001
0.800209 34203790.957350 11325087.026429 66975710.835881 2901828.911451 105141909.063682
0.836553 37447333.382074 12265523.356299 73825976.255173 3068690.697142 118012608.781778
0.872898 40783123.104600 13287099.334811 81177659.148430 3246664.567400 131015821.686099
0.909243 44164559.502831 14345660.898804 88929153.863179 3415033.275006 144358939.239356
0.945587 48132405.082487 15283460.517763 97350927.103941 3664593.968911 158165321.069171
0.981932 51740487.771693 16273295.066938 105555374.861173 3885761.280891 172933433.904823
1.018277 55393341.762557 17351968.177048 113926455.665783 4132307.596387 189171756.894490
1.054621 59127981.066893 18306793.752521 123089611.651153 4364763.986125 205917086.419294
1.090966 63069854.067358 19191843.025306 131921265.194562 4684092.544669 221869866.453763
1.127311 66961009.292100 20119670.725909 141457585.306158 4943995.142969 239090281.851207
1.163655 71046817.133852 21118835.622581 151272833.780290 5140377.159094 260172218.873675
1.200000 75169389.697728 22193367.181319 161699618.922426 5332740.307956 279587821.989498
