0.010000 347.965247 199.942628 782.379107 142.298749 1722.824554
0.029025 7026.157883 4534.883085 12802.532120 3383.845605 22663.787794
0.048050 29062.674857 19864.835550 48019.867095 15061.438598 76948.560128
0.067075 74125.330604 52814.908707 114055.533850 40552.789759 174135.799857
0.086100 149206.856921 109679.525579 218835.117246 84932.934827 325717.305727
0.105126 262480.839161 196353.571882 370185.244739 152929.015370 537310.440758
0.124151 421163.958019 318496.271979 576379.207289 251265.897693 809894.939453
0.143176 628670.246614 481348.301331 839620.731851 381856.079314 1156585.984069
0.162201 896395.243882 692297.042590 1169218.780951 550854.536594 1558145.940225
0.181226 1225238.362063 954710.705386 1577570.838608 761596.517048 2061053.828807
0.200251 1622081.224826 1272238.433861 2053407.795240 1020269.592088 2624568.154722
0.219276 2100071.591579 1651585.345359 2621742.293445 1325614.283780 3287876.591068
0.238301 2642657.393592 2098233.821690 3269523.561270 1692796.048939 4075884.813977
0.257327 3263344.514407 2612156.015118 4000410.040023 2111936.431656 4919791.203579
0.276352 3951850.698322 3199301.774703 4812554.371951 2599062.033422 5898314.139092
0.295377 4728367.395738 3859677.312830 5703306.848324 3157156.912529 6935690.905353
0.314402 5587690.953712 4595114.028359 6695949.054723 3786565.416387 8065867.219665
0.333427 6527483.753026 5412553.958953 7766440.518168 4479129.705725 9282054.837768
0.352452 7568052.864981 6312410.084381 8951651.435440 5264362.555926 10602232.132011
0.371477 8690448.470505 7298163.383968 10211963.198680 6115492.250468 12027248.931225
0.390502 9936979.044917 8359522.927325 11579914.722569 7078312.936373 13516586.947489
0.409528 11256970.204763 9526162.231961 13052307.482078 8140495.227220 15135386.974870
0.428553 12687281.577372 10790306.585384 14643423.818517 9244838.375961 16909405.243810
0.447578 14214057.182395 12163721.092708 16329800.697986 10478707.878467 18817991.251909
0.466603 15839518.960978 13643115.261760 18125246.676248 11793695.259175 20776885.495939
0.485628 17579975.369619 15188985.167125 19984734.323582 13219404.784583 22846526.980061
0.504653 19396249.939886 16824740.134237 21974930.228219 14712629.211183 25022198.114375
0.523678 21313562.725325 18575044.944717 24075652.249634 16292169.401981 27231345.428334
0.542703 23339877.375291 20419469.613170 26268442.916176 17984622.955948 29590638.037328
0.561729 25446221.525014 22382605.934459 28572455.482810 19749780.210945 32066029.655282
0.580754 27663336.760291 24451006.211596 30958843.689368 21645400.189600 34676926.363550
0.599779 29982050.602930 26618158.255070 33451268.975283 23604938.331708 37399091.663295
0.618804 32403598.093241 28856084.944738 36087168.625034 25705274.690079 40202926.677808
0.637829 34920706.386881 31209313.847947 38782568.930420 27985655.547592 43098549.186551
0.656854 37563275.168891 33700500.210125 41636134.202103 30306856.792465 46146496.675659
0.675879 40294216.579343 36318956.407635 44590238.191784 32656733.352882 49300796.177108
0.694904 43137495.061060 38994411.468880 47604590.789578 35136472.144664 52613710.414208
0.713930 46114361.942994 41769425.829632 50774530.952459 37888035.629869 56009565.781607
0.732955 49198115.169438 44692849.635704 54039200.772236 40601426.946520 59420916.876146
0.751980 52375829.733846 47731524.001360 57397954.459288 43473822.853495 62922456.696760
0.771005 55666861.417658 50900132.936911 60934919.737105 46480188.144170 66552644.111634
0.790030 59093938.450213 54137624.241447 64549612.457527 49609411.906007 70238938.692942
0.809055 62629313.450559 57525962.544896 68262080.374207 52804952.411289 74120302.555895
0.828080 66260538.719633 61004630.355210 72104493.105968 55968782.054617 78112448.693841
0.847105 70031041.911132 64618025.465978 76074522.131195 59516516.257482 82103235.296345
0.866131 73939261.208907 68363685.974789 80180413.362512 62869896.304883 86181971.217774
0.885156 78000099.677111 72202438.806676 84402988.021311 66528475.154199 90446549.269416
0.904181 82131817.415938 76204280.805117 88755108.856358 70290104.713294 94910380.249721
0.904181 82131817.415938 76204280.805117 88755108.856358 70290104.713294 94910380.249721
1.212695 164027319.502790 155244984.864209 173218031.685112 146264995.878567 182696112.156753
1.521209 274125755.040596 262578781.521841 285337854.718319 251477797.601804 297577769.196669
1.829722 413505552.875175 399113551.730090 427427839.797712 384104721.306652 443446720.391759
2.138236 572792986.663252 553922645.045981 591297234.312375 534717319.164325 611020686.517466
2.446750 744664841.041114 721305187.448616 766827325.847856 699551369.183939 789700151.437583
2.755264 928063511.138263 901827912.607588 953602822.929452 877791145.075015 977516630.011774
3.063778 1121598276.408803 1093493974.939343 1148688240.668069 1067393008.435657 1174815247.340549
3.372292 1326057178.394665 1295481734.363952 1355239780.073755 1266449827.892005 1382415135.549159
3.680806 1539771278.801018 1505034277.839200 1572429287.617002 1471957919.302547 1602989319.431148
3.989320 1752764095.950523 1713443472.023917 1790863960.622988 1676548698.567004 1826394251.737679
4.297833 1961539659.411444 1916936737.266338 2004831688.777546 1871314343.227435 2047877130.135963
4.606347 2164960895.431884 2115837495.323755 2215821581.809778 2061265110.779463 2268216950.943964
4.914861 2366120490.707335 2307059101.029593 2426728584.965903 2244668342.470663 2489751134.429751
5.223375 2562450191.694313 2493513495.224053 2635131723.230293 2422630838.683656 2705678065.450535
5.531889 2757458244.728318 2673494257.325222 2843542422.247038 2595874449.519524 2927929242.141366
5.840403 2949124426.986490 2849300002.032021 3050041407.442809 2762684399.799675 3151809213.996107
6.148917 3136824849.421288 3020072872.608626 3255600640.674953 2925768146.647205 3368963659.095345
6.457431 3321281154.300568 3188542774.948453 3459335206.559925 3080831553.872057 3592991865.331930
6.765944 3502728394.486530 3352725749.652323 3663364963.382601 3231937108.109065 3815760312.508588
7.074458 3683227527.958545 3513715683.993585 3865978218.498637 3380634621.665455 4039612306.217399
7.382972 3862010539.927727 3671582273.629264 4066876062.247005 3522911606.938531 4267511858.372369
7.691486 4038225629.438528 3825440241.208825 4269465079.815285 3659508915.697328 4501338892.462675
8.000000 4210364589.725958 3977153225.774030 4470777678.981932 3797291029.989076 4737101080.471684
