0.010000 232.100702 114.546816 740.370055 75.227472 2466.473612
0.050136 21275.885746 12884.145305 45841.704527 8840.228189 99537.294392
0.090271 110637.094961 71783.978615 207240.137286 50770.107783 389630.250323
0.130407 310271.010204 209313.547766 530918.435666 150925.695692 913577.385779
0.170543 661319.718931 451848.991152 1063624.955610 333538.373309 1724638.094603
0.210679 1188811.740858 832700.544644 1840945.570243 621479.938344 2840250.470022
0.250814 1937422.285421 1377812.373832 2884590.621619 1035255.423018 4275436.051679
0.290950 2926193.736106 2117039.453654 4258440.960293 1594981.317173 6053611.175940
0.331086 4191750.513772 3076960.358171 5954116.482204 2340957.295791 8188684.305574
0.371222 5754447.154175 4260015.020474 7993673.767710 3288069.062289 10699985.288824
0.411357 7672784.326865 5718864.446108 10427270.282498 4454809.078997 13736598.963535
0.451493 9946198.569596 7459240.640139 13355888.698770 5867331.344422 17138520.195762
0.491629 12578593.431170 9506027.475315 16662428.389888 7531324.684484 21192003.046810
0.531764 15528810.619249 11836952.922113 20427339.923627 9426203.150563 25737993.386288
0.571900 18871830.101250 14437489.347125 24546426.183388 11625675.180068 30775020.975870
0.612036 22525718.553288 17416341.923092 29035993.858244 14058323.065278 36003601.802214
0.652172 26586093.330784 20702679.394902 33865532.094246 16790389.243642 41645966.641464
0.692307 30998045.365893 24313786.324764 39120149.006487 19833203.990245 47725932.910385
0.732443 35806270.405254 28326972.117577 44824925.968380 23223979.188095 54128928.644809
0.772579 40983141.897575 32746314.691070 51031329.307657 26881499.902986 61161645.726048
0.812715 46573403.514184 37553373.147585 57510914.459381 30882675.278804 68615959.749189
0.852850 52618919.442201 42724118.790376 64510183.699421 35205425.007309 76584999.591541
0.892986 59102302.964719 48341043.350252 71857830.803442 39967489.873725 85168249.759210
0.933122 66012633.954749 54390616.309829 79572986.407775 44940877.844005 93911098.582377
0.973258 73416032.689375 60753456.606354 88077009.065677 50503290.251199 103332347.799632
1.013393 81082811.855179 67514806.274443 96716050.042030 56367126.356642 113025232.320649
1.053529 89261846.607926 74651107.846986 105970716.509812 62459918.409771 123244176.584767
1.093665 97592839.258724 82121032.045408 115518538.336372 69034680.713746 133527568.148897
1.133800 106412653.816046 90046782.094107 125411506.853011 76016152.674609 144365767.594022
1.173936 115569339.204376 98137148.729856 135707731.179847 83390623.819995 155367741.981701
1.214072 125155255.033821 106702942.797758 146343064.898891 91065978.209707 167062439.736701
1.254208 135060444.614595 115633489.632173 157365474.214400 98854083.298188 179316094.286140
1.294343 145426959.830711 125050670.262652 168759836.395296 107168661.677618 191266016.588919
1.334479 156161918.271587 134838269.056299 180682169.462684 116269209.416813 203920167.679157
1.374615 167480305.876168 145053450.031492 192809187.545094 125159890.862960 216959334.934869
1.414751 179073224.730488 155688322.644790 205692907.933129 134601499.362286 230330488.183482
1.454886 190961832.632690 166570946.181188 218749704.775410 144618117.750385 244675575.174379
1.495022 203391466.093466 177840909.134796 232236343.178598 155071470.197949 258898532.113597
1.535158 216130832.606766 189751479.305679 245997581.947870 165423258.678689 274101415.216416
1.575293 229023983.202905 202044105.626475 260413823.491027 176467676.515088 289544647.483452
1.615429 242374875.443762 214874671.997483 275332646.124224 188185771.423548 304427932.049199
1.655565 256278482.142290 228246961.015475 290511669.305305 200376335.723638 319924203.793912
1.695701 270503152.745645 241626182.971315 306069074.882093 212720874.656526 336166851.286973
1.735836 285542871.304840 255177136.638915 321857756.587931 225753764.881502 352974012.865423
1.775972 300848473.282092 269550896.562872 338403667.277081 238954718.093041 370241451.330646
1.816108 316432576.063691 284162379.838937 354928990.357108 252935527.733671 387868456.003380
1.856244 332514393.377502 299310534.156539 372117576.700447 267716780.359161 405930062.388768
1.896379 349368431.922224 314892509.923001 389832091.009536 282527878.766900 424264835.400721
1.896379 349368431.922224 314892509.923001 389832091.009536 282527878.766900 424264835.400721
2.031319 407471933.572690 369527443.545381 452037950.015168 333712959.302355 489596839.047141
2.166259 469166159.750137 427391842.065908 516849706.513015 387950867.876329 558851890.385885
2.301199 534845927.617077 488384595.930420 584614173.953398 445976107.201178 630790575.633876
2.436139 602759985.634488 553088914.955414 655671470.820366 507873621.801976 705155016.681559
2.571079 673685338.751334 621170595.105240 729600387.360694 573607432.772794 782108986.310441
2.706019 748866203.904209 692499151.730603 806387635.439562 641999871.784152 861702973.323829
2.840959 827323237.214686 767369044.369529 888073476.584032 711838616.977849 943431032.937502
2.975900 907574005.062382 845207844.016437 972167966.118119 785566166.067546 1032793504.292420
3.110840 992888176.538432 924077605.558065 1061460134.052637 861962295.640467 1123893714.454877
3.245780 1080604712.357340 1006860928.304684 1154579616.634276 940455887.491394 1221038816.728472
3.380720 1170420527.220388 1092065406.538721 1250189423.656363 1021535676.787693 1318926798.826046
3.515660 1263769062.989081 1179500094.341042 1349838717.136739 1103105439.804384 1428095932.032305
3.650600 1360290369.234049 1269371337.048171 1452880307.624167 1183759096.802860 1542129417.889527
3.785540 1459791009.316599 1360833582.216783 1560415475.630044 1264986104.540369 1662579516.129998
3.920480 1561703612.535657 1452688298.032280 1671707001.721342 1350826932.854310 1783147268.260839
4.055420 1665610957.231610 1546397527.931379 1787614510.506683 1431282034.945847 1906859623.293120
4.190360 1772359191.160288 1638126549.210723 1907397783.357916 1512591712.575835 2036544326.341051
4.325300 1880531229.061018 1729266085.939482 2028464085.529795 1594160323.070971 2170446543.595357
4.460240 1986971074.003010 1822378940.698967 2150937791.467141 1674734586.475479 2304152398.235951
4.595180 2097386852.537086 1915398338.069744 2276570241.604492 1758828388.252359 2444759578.409843
4.730120 2206678170.820472 2010356437.207682 2403651281.672789 1837788957.521000 2583550131.036694
4.865060 2319022241.612436 2107193852.397694 2531019456.597843 1920228694.392732 2732413635.814758
5.000000 2433617317.326043 2205127526.576408 2666242418.968641 2000491163.585325 2881550487.128901
